1697540033.802099, 0
1697540033.819396, 1
1697540033.836918, 0
1697540033.857611, 2
1697540033.875821, 7
1697540033.893364, 5
1697540033.911616, 12
1697540033.930200, 16
1697540033.948435, 19
1697540033.965883, 23
1697540033.981894, 29
1697540033.999177, 34
1697540034.017057, 37
1697540034.033122, 43
1697540034.052624, 48
1697540034.070446, 53
1697540034.089748, 57
1697540034.108464, 63
1697540034.126344, 68
1697540034.144758, 72
1697540034.165057, 79
1697540034.185471, 84
1697540034.203066, 90
1697540034.220452, 95
1697540034.239448, 101
1697540034.259813, 105
1697540034.279516, 112
1697540034.298780, 115
1697540034.316063, 120
1697540034.334132, 125
1697540034.352573, 130
1697540034.371392, 139
1697540034.391014, 144
1697540034.409615, 149
1697540034.428383, 153
1697540034.448013, 159
1697540034.466451, 162
1697540034.483833, 168
1697540034.499010, 173
1697540034.518381, 177
1697540034.533478, 181
1697540034.552934, 188
1697540034.572880, 192
1697540034.588570, 198
1697540034.605007, 200
1697540034.622894, 200
1697540034.639595, 199
1697540034.659780, 199
1697540034.676819, 200
1697540034.696896, 199
1697540034.713494, 199
1697540034.734202, 200
1697540034.749499, 200
1697540034.764666, 199
1697540034.785460, 200
1697540034.804616, 199
1697540034.819394, 199
1697540034.835390, 197
1697540034.851963, 199
1697540034.869193, 199
1697540034.887338, 199
1697540034.905568, 199
1697540034.923172, 199
1697540034.941257, 200
1697540034.958210, 200
1697540034.973284, 199
1697540034.991679, 199
1697540035.010512, 199
1697540035.030390, 200
1697540035.045830, 200
1697540035.062857, 199
1697540035.080038, 200
1697540035.099864, 200
1697540035.117831, 200
1697540035.136720, 200
1697540035.154669, 200
1697540035.173329, 200
1697540035.190838, 200
1697540035.208948, 199
1697540035.225177, 199
1697540035.243659, 200
1697540035.262931, 199
1697540035.279365, 200
1697540035.299754, 200
1697540035.317829, 200
1697540035.337173, 199
1697540035.353090, 199
1697540035.371605, 199
1697540035.391146, 200
1697540035.409882, 199
1697540035.429625, 199
1697540035.444130, 199
1697540035.459393, 199
1697540035.475626, 199
1697540035.495167, 199
1697540035.513824, 200
1697540035.531700, 199
1697540035.548634, 199
1697540035.567313, 199
1697540035.586877, 199
1697540035.605280, 199
1697540035.623742, 199
1697540035.640962, 199
1697540035.658507, 199
1697540035.676577, 199
1697540035.694087, 199
1697540035.712657, 199
1697540035.731937, 199
1697540035.749687, 199
1697540035.765928, 199
1697540035.783475, 199
1697540035.799303, 199
1697540035.814900, 199
1697540035.829987, 199
1697540035.847317, 200
1697540035.865273, 200
1697540035.885049, 200
1697540035.903400, 200
1697540035.920182, 199
1697540035.936447, 199
1697540035.951954, 199
1697540035.968036, 200
1697540035.985514, 200
1697540036.003589, 200
1697540036.023494, 200
1697540036.042632, 200
1697540036.058777, 200
1697540036.076198, 198
1697540036.093313, 197
1697540036.111470, 197
1697540036.130547, 197
1697540036.148269, 197
1697540036.165537, 198
1697540036.179969, 198
1697540036.194263, 198
1697540036.213118, 199
1697540036.231178, 199
1697540036.249701, 199
1697540036.267489, 199
1697540036.285657, 199
1697540036.306533, 199
1697540036.327773, 200
1697540036.346137, 198
1697540036.363701, 198
1697540036.378947, 200
1697540036.398672, 196
1697540036.415830, 199
1697540036.434074, 199
1697540036.451763, 199
1697540036.471464, 199
1697540036.488362, 199
1697540036.505008, 199
1697540036.523219, 200
1697540036.540722, 199
1697540036.558953, 199
1697540036.575866, 198
1697540036.591543, 199
1697540036.613081, 199
1697540036.630170, 199
1697540036.649261, 199
1697540036.666447, 200
1697540036.686407, 199
1697540036.706119, 197
1697540036.721956, 195
1697540036.736274, 193
1697540036.753187, 189
1697540036.771094, 187
1697540036.788003, 188
1697540036.806645, 184
1697540036.825661, 184
1697540036.846049, 181
1697540036.863992, 182
1697540036.886217, 180
1697540036.907710, 177
1697540036.923993, 178
1697540036.942153, 175
1697540036.961043, 174
1697540036.980216, 174
1697540036.999449, 176
1697540037.017581, 175
1697540037.036584, 177
1697540037.055844, 175
1697540037.075691, 173
1697540037.092086, 174
1697540037.110578, 176
1697540037.128694, 174
1697540037.145057, 173
1697540037.162396, 175
1697540037.179143, 178
1697540037.199044, 175
1697540037.215606, 174
1697540037.234605, 173
1697540037.250611, 174
1697540037.268259, 175
1697540037.286537, 177
1697540037.306436, 177
1697540037.327487, 179
1697540037.342535, 177
1697540037.357798, 176
1697540037.376328, 174
1697540037.394776, 173
1697540037.411791, 174
1697540037.430511, 175
1697540037.450465, 175
1697540037.468902, 174
1697540037.487545, 173
1697540037.503816, 174
1697540037.520811, 171
1697540037.537844, 171
1697540037.556916, 170
1697540037.573900, 168
1697540037.591928, 169
1697540037.610695, 167
1697540037.628454, 166
1697540037.648909, 166
1697540037.668959, 163
1697540037.685837, 162
1697540037.702484, 161
1697540037.720098, 158
1697540037.738556, 158
1697540037.756033, 157
1697540037.770190, 156
1697540037.786848, 155
1697540037.803850, 154
1697540037.822776, 154
1697540037.840978, 152
1697540037.860607, 151
1697540037.881570, 151
1697540037.902812, 150
1697540037.919212, 151
1697540037.938903, 149
1697540037.956357, 148
1697540037.975147, 148
1697540037.993096, 149
1697540038.010955, 149
1697540038.031995, 149
1697540038.050139, 149
1697540038.066903, 149
1697540038.085781, 149
1697540038.102282, 149
1697540038.121465, 150
1697540038.143333, 149
1697540038.159013, 149
1697540038.177012, 148
1697540038.195580, 150
1697540038.213128, 149
1697540038.232437, 148
1697540038.248085, 149
1697540038.265284, 149
1697540038.281164, 149
1697540038.295901, 150
1697540038.313985, 148
1697540038.334818, 147
1697540038.352881, 148
1697540038.369203, 149
1697540038.385469, 147
1697540038.402805, 149
1697540038.422161, 147
1697540038.442350, 149
1697540038.462014, 150
1697540038.477720, 149
1697540038.498853, 150
1697540038.518011, 150
1697540038.540205, 149
1697540038.558632, 149
1697540038.577477, 150
1697540038.598541, 149
1697540038.617096, 149
1697540038.634125, 149
1697540038.651891, 149
1697540038.672665, 150
1697540038.690993, 149
1697540038.710762, 148
1697540038.727862, 151
1697540038.743695, 151
1697540038.759221, 150
1697540038.775023, 149
1697540038.793368, 149
1697540038.811809, 148
1697540038.826975, 148
1697540038.847304, 149
1697540038.866742, 149
1697540038.886064, 150
1697540038.906009, 150
1697540038.922771, 151
1697540038.938934, 151
1697540038.958144, 152
1697540038.974578, 151
1697540038.990335, 151
1697540039.004900, 152
1697540039.024895, 151
1697540039.043480, 150
1697540039.060438, 151
1697540039.079493, 152
1697540039.096169, 152
1697540039.116476, 152
1697540039.134013, 151
1697540039.153598, 152
1697540039.168640, 151
1697540039.187398, 151
1697540039.203879, 151
1697540039.219496, 151
1697540039.241018, 152
1697540039.256181, 151
1697540039.273000, 150
1697540039.290731, 149
1697540039.307814, 149
1697540039.322882, 150
1697540039.339216, 150
1697540039.360887, 149
1697540039.378692, 150
1697540039.398546, 151
1697540039.415874, 150
1697540039.437124, 150
1697540039.455155, 150
1697540039.473497, 151
1697540039.489165, 151
1697540039.509597, 152
1697540039.526757, 151
1697540039.543369, 152
1697540039.562305, 152
1697540039.576656, 151
1697540039.591424, 152
1697540039.612765, 152
1697540039.631508, 151
1697540039.649155, 152
1697540039.668883, 152
1697540039.687485, 152
1697540039.706167, 153
1697540039.723053, 153
1697540039.742082, 152
1697540039.760083, 151
1697540039.779424, 152
1697540039.797203, 151
1697540039.816643, 151
1697540039.833500, 151
1697540039.848824, 151
1697540039.867562, 151
1697540039.883764, 152
1697540039.902507, 153
1697540039.919702, 152
1697540039.935253, 152
1697540039.955311, 152
1697540039.971101, 153
1697540039.989306, 152
1697540040.008888, 152
1697540040.024752, 152
1697540040.042489, 151
1697540040.059812, 152
1697540040.077674, 152
1697540040.095866, 152
1697540040.114325, 152
1697540040.129380, 151
1697540040.143521, 152
1697540040.158862, 152
1697540040.175946, 151
1697540040.195712, 152
1697540040.214079, 153
1697540040.231782, 151
1697540040.251277, 152
1697540040.268852, 151
1697540040.283964, 151
1697540040.298856, 150
1697540040.317379, 151
1697540040.336063, 151
1697540040.351366, 152
1697540040.370510, 152
1697540040.391846, 151
1697540040.411648, 153
1697540040.426429, 152
1697540040.443438, 152
1697540040.461189, 152
1697540040.478878, 152
1697540040.497364, 152
1697540040.516257, 151
1697540040.532466, 152
1697540040.552261, 153
1697540040.568355, 152
1697540040.587493, 153
1697540040.606502, 152
1697540040.625318, 153
1697540040.642728, 153
1697540040.662674, 152
1697540040.684303, 152
1697540040.703092, 152
1697540040.720682, 151
1697540040.739404, 152
1697540040.758686, 151
1697540040.779347, 151
1697540040.796265, 151
1697540040.811781, 151
1697540040.829458, 151
1697540040.847853, 152
1697540040.867659, 153
1697540040.884865, 152
1697540040.906732, 153
1697540040.925992, 153
1697540040.944897, 152
1697540040.964136, 154
1697540040.982808, 153
1697540040.999706, 153
1697540041.019778, 154
1697540041.033873, 154
1697540041.054574, 153
1697540041.072676, 154
1697540041.088368, 154
1697540041.105659, 153
1697540041.123500, 153
1697540041.144136, 153
1697540041.163748, 153
1697540041.178914, 154
1697540041.198782, 153
1697540041.217358, 152
1697540041.232615, 152
1697540041.247844, 153
1697540041.266852, 152
1697540041.284242, 152
1697540041.301898, 152
1697540041.316966, 153
1697540041.337651, 153
1697540041.355798, 154
1697540041.374660, 152
1697540041.394485, 154
1697540041.411982, 153
1697540041.431757, 153
1697540041.447434, 153
1697540041.465367, 153
1697540041.483579, 153
1697540041.499654, 153
1697540041.519356, 153
1697540041.537914, 153
1697540041.556221, 154
1697540041.572747, 153
1697540041.591962, 153
1697540041.608083, 153
1697540041.627580, 154
1697540041.644524, 153
1697540041.663335, 154
1697540041.682410, 152
1697540041.701358, 152
1697540041.720072, 153
1697540041.736299, 154
1697540041.753257, 153
1697540041.771828, 154
1697540041.791781, 154
1697540041.808155, 155
1697540041.826987, 155
1697540041.845552, 155
1697540041.864831, 154
1697540041.880586, 155
1697540041.899168, 155
1697540041.918562, 154
1697540041.938082, 154
1697540041.957135, 154
1697540041.971779, 155
1697540041.989142, 155
1697540042.009845, 154
1697540042.027025, 154
1697540042.044611, 155
1697540042.063086, 154
1697540042.082134, 154
1697540042.101177, 155
1697540042.121402, 155
1697540042.140279, 154
1697540042.156417, 155
1697540042.174886, 152
1697540042.196252, 154
1697540042.213925, 154
1697540042.232998, 153
1697540042.251888, 152
1697540042.271342, 153
1697540042.290969, 154
1697540042.308377, 154
1697540042.324572, 155
1697540042.343364, 154
1697540042.362640, 154
1697540042.383261, 155
1697540042.403975, 155
1697540042.420723, 154
1697540042.437211, 154
1697540042.453280, 153
1697540042.468269, 154
1697540042.486757, 155
1697540042.504148, 155
1697540042.520510, 155
1697540042.538192, 155
1697540042.555854, 155
1697540042.572785, 155
1697540042.586951, 155
1697540042.604443, 155
1697540042.623595, 156
1697540042.640398, 155
1697540042.659625, 154
1697540042.676648, 154
1697540042.697050, 155
1697540042.718350, 155
1697540042.738457, 154
1697540042.753278, 155
1697540042.770603, 154
1697540042.789825, 154
1697540042.811464, 156
1697540042.826548, 156
1697540042.847080, 155
1697540042.866992, 156
1697540042.885977, 156
1697540042.904151, 155
1697540042.920321, 156
1697540042.936783, 155
1697540042.954139, 155
1697540042.973738, 156
1697540042.993256, 155
1697540043.011704, 155
1697540043.029719, 155
1697540043.046412, 155
1697540043.064270, 155
1697540043.085535, 156
1697540043.102110, 156
1697540043.117038, 156
1697540043.134725, 156
1697540043.152165, 154
1697540043.172628, 154
1697540043.189453, 154
1697540043.208176, 154
1697540043.226741, 155
1697540043.243610, 156
1697540043.263045, 156
1697540043.282513, 156
1697540043.299705, 157
1697540043.317781, 157
1697540043.335027, 157
1697540043.351727, 157
1697540043.369084, 157
1697540043.389246, 155
1697540043.408553, 157
1697540043.426551, 157
1697540043.443733, 156
1697540043.463106, 157
1697540043.484664, 157
1697540043.500870, 156
1697540043.519128, 157
1697540043.537158, 157
1697540043.555030, 156
1697540043.574306, 156
1697540043.590377, 156
1697540043.608632, 155
1697540043.629426, 156
1697540043.645509, 156
1697540043.667166, 155
1697540043.686929, 155
1697540043.702991, 155
1697540043.721529, 155
1697540043.740232, 155
1697540043.759698, 157
1697540043.776654, 156
1697540043.794632, 156
1697540043.812980, 156
1697540043.829638, 156
1697540043.850323, 157
1697540043.868166, 157
1697540043.887587, 156
1697540043.904908, 157
1697540043.922255, 157
1697540043.942075, 156
1697540043.957799, 157
1697540043.975449, 157
1697540043.992208, 156
1697540044.008841, 158
1697540044.029070, 157
1697540044.046456, 157
1697540044.063665, 157
1697540044.082852, 158
1697540044.102748, 157
1697540044.123790, 158
1697540044.142297, 156
1697540044.158429, 156
1697540044.179459, 157
1697540044.194636, 157
1697540044.214915, 156
1697540044.232659, 157
1697540044.252171, 157
1697540044.267706, 157
1697540044.285222, 158
1697540044.300659, 158
1697540044.321430, 156
1697540044.342304, 158
1697540044.361745, 158
1697540044.380509, 157
1697540044.401774, 158
1697540044.415658, 158
1697540044.434633, 158
1697540044.453113, 157
1697540044.472175, 157
1697540044.491591, 158
1697540044.508732, 158
1697540044.524879, 158
1697540044.541249, 157
1697540044.558740, 157
1697540044.576316, 157
1697540044.595812, 157
1697540044.612406, 157
1697540044.627913, 157
1697540044.649194, 156
1697540044.666294, 157
1697540044.686939, 157
1697540044.705978, 156
1697540044.724202, 156
1697540044.743752, 157
1697540044.759676, 157
1697540044.777931, 158
1697540044.795346, 159
1697540044.814822, 159
1697540044.830318, 158
1697540044.848173, 159
1697540044.868706, 158
1697540044.886588, 158
1697540044.903384, 159
1697540044.923880, 158
1697540044.938034, 158
1697540044.954940, 158
1697540044.971276, 159
1697540044.987762, 157
1697540045.007068, 158
1697540045.026500, 158
1697540045.043630, 157
1697540045.061971, 158
1697540045.078779, 158
1697540045.098397, 159
1697540045.117321, 157
1697540045.135339, 158
1697540045.151555, 157
1697540045.169962, 158
1697540045.190716, 157
1697540045.206954, 157
1697540045.227630, 158
1697540045.246149, 159
1697540045.262782, 159
1697540045.280231, 159
1697540045.299930, 158
1697540045.318760, 159
1697540045.338471, 159
1697540045.356589, 158
1697540045.377501, 159
1697540045.394851, 158
1697540045.415550, 159
1697540045.434989, 159
1697540045.451425, 158
1697540045.469449, 159
1697540045.488638, 159
1697540045.503228, 158
1697540045.520379, 158
1697540045.537476, 159
1697540045.556468, 159
1697540045.572316, 159
1697540045.591462, 160
1697540045.610704, 159
1697540045.628911, 158
1697540045.649729, 158
1697540045.668457, 159
1697540045.686970, 158
1697540045.706807, 159
1697540045.727495, 158
1697540045.747367, 159
1697540045.768600, 159
1697540045.784830, 159
1697540045.799556, 159
1697540045.817663, 160
1697540045.834169, 159
1697540045.854058, 159
1697540045.871974, 159
1697540045.886970, 159
1697540045.901079, 159
1697540045.917990, 159
1697540045.936354, 159
1697540045.955242, 159
1697540045.974926, 160
1697540045.990128, 159
1697540046.010401, 159
1697540046.029005, 159
1697540046.047967, 159
1697540046.066327, 159
1697540046.083869, 159
1697540046.101114, 160
1697540046.115213, 160
1697540046.129427, 159
1697540046.144389, 158
1697540046.158749, 158
1697540046.173156, 159
1697540046.187551, 159
1697540046.201532, 159
1697540046.216865, 158
1697540046.234613, 160
1697540046.252939, 160
1697540046.269298, 159
1697540046.287664, 160
1697540046.307798, 160
1697540046.324312, 159
1697540046.341692, 159
1697540046.356472, 161
1697540046.370846, 160
1697540046.387690, 160
1697540046.407138, 159
1697540046.424905, 160
1697540046.438676, 161
1697540046.455501, 160
1697540046.470855, 160
1697540046.491717, 160
1697540046.507553, 160
1697540046.524590, 160
1697540046.539821, 160
1697540046.560747, 160
1697540046.581746, 160
1697540046.597027, 160
1697540046.617335, 159
1697540046.633744, 160
1697540046.651129, 159
1697540046.668729, 159
1697540046.687235, 158
1697540046.701366, 159
1697540046.718951, 158
1697540046.738845, 160
1697540046.755892, 160
1697540046.770869, 161
1697540046.789002, 161
1697540046.804755, 161
1697540046.824647, 160
1697540046.844768, 160
1697540046.862402, 161
1697540046.878843, 160
1697540046.898104, 160
1697540046.919067, 161
1697540046.938670, 161
1697540046.958548, 160
1697540046.974821, 160
1697540046.994456, 161
1697540047.011981, 161
1697540047.031758, 161
1697540047.052897, 161
1697540047.071489, 160
1697540047.085125, 160
1697540047.101343, 161
1697540047.119700, 160
1697540047.134550, 160
1697540047.151835, 161
1697540047.165681, 160
1697540047.180982, 161
1697540047.196601, 161
1697540047.215621, 160
1697540047.233749, 160
1697540047.252678, 161
1697540047.271873, 161
1697540047.292594, 162
1697540047.309174, 161
1697540047.324389, 161
1697540047.342529, 161
1697540047.358935, 162
1697540047.375593, 161
1697540047.392026, 161
1697540047.413616, 161
1697540047.431588, 161
1697540047.452480, 161
1697540047.467768, 161
1697540047.488542, 161
1697540047.502485, 161
1697540047.521223, 161
1697540047.538315, 162
1697540047.556528, 161
1697540047.575401, 162
1697540047.594273, 161
1697540047.615562, 161
1697540047.631043, 160
1697540047.651589, 161
1697540047.671342, 161
1697540047.690169, 160
1697540047.704650, 161
1697540047.721391, 160
1697540047.735811, 161
1697540047.754370, 163
1697540047.770444, 162
1697540047.789606, 162
1697540047.806787, 161
1697540047.824446, 162
1697540047.838596, 162
1697540047.857356, 161
1697540047.879441, 163
1697540047.896292, 162
1697540047.911394, 162
1697540047.925892, 163
1697540047.945542, 163
1697540047.962347, 163
1697540047.982641, 163
1697540048.000374, 164
1697540048.014261, 164
1697540048.028694, 163
1697540048.047844, 164
1697540048.066862, 163
1697540048.084866, 163
1697540048.100536, 164
1697540048.119627, 163
1697540048.133621, 162
1697540048.152451, 162
1697540048.172183, 162
1697540048.189173, 162
1697540048.208889, 161
1697540048.223800, 163
1697540048.237870, 163
1697540048.254283, 162
1697540048.273055, 162
1697540048.289633, 162
1697540048.308664, 162
1697540048.328762, 162
1697540048.343111, 162
1697540048.357297, 163
1697540048.374471, 163
1697540048.394392, 162
1697540048.412886, 163
1697540048.432631, 163
1697540048.451619, 163
1697540048.470926, 163
1697540048.488696, 162
1697540048.503559, 163
1697540048.520520, 163
1697540048.535124, 163
1697540048.552730, 163
1697540048.566744, 163
1697540048.581538, 163
1697540048.596667, 162
1697540048.610878, 162
1697540048.630986, 162
1697540048.650625, 161
1697540048.664858, 161
1697540048.679632, 162
1697540048.696899, 161
1697540048.711486, 162
1697540048.731462, 161
1697540048.745628, 162
1697540048.761749, 163
1697540048.778539, 164
1697540048.794545, 163
1697540048.808857, 163
1697540048.825914, 164
1697540048.843980, 164
1697540048.861590, 164
1697540048.880441, 163
1697540048.899470, 163
1697540048.913541, 163
1697540048.927709, 164
1697540048.942481, 163
1697540048.962839, 163
1697540048.979559, 163
1697540048.995675, 164
1697540049.013109, 163
1697540049.027487, 164
1697540049.045969, 163
1697540049.062829, 163
1697540049.081843, 162
1697540049.097752, 163
1697540049.112247, 164
1697540049.126827, 163
1697540049.143917, 163
1697540049.157755, 162
1697540049.175514, 163
1697540049.189734, 162
1697540049.206142, 163
1697540049.221236, 162
1697540049.235129, 163
1697540049.253273, 163
1697540049.271085, 163
1697540049.284981, 164
1697540049.299258, 163
1697540049.315069, 163
1697540049.332615, 165
1697540049.350526, 163
1697540049.369200, 164
1697540049.386026, 165
1697540049.402613, 164
1697540049.420863, 164
1697540049.439931, 163
1697540049.456993, 163
1697540049.471965, 164
1697540049.491320, 163
1697540049.511591, 164
1697540049.526752, 163
1697540049.545563, 164
1697540049.562352, 164
1697540049.578780, 165
1697540049.598635, 165
1697540049.615707, 164
1697540049.635592, 164
1697540049.649922, 164
1697540049.670593, 163
1697540049.692035, 164
1697540049.710806, 164
1697540049.726353, 164
1697540049.745889, 163
1697540049.764049, 163
1697540049.783217, 164
1697540049.799552, 165
1697540049.817510, 165
1697540049.833548, 164
1697540049.851124, 164
1697540049.870580, 165
1697540049.890466, 164
1697540049.911062, 164
1697540049.930490, 165
1697540049.947142, 165
1697540049.966608, 164
1697540049.983743, 165
1697540050.001526, 165
1697540050.019183, 165
1697540050.039869, 166
1697540050.054157, 165
1697540050.074350, 164
1697540050.089762, 165
1697540050.103979, 164
1697540050.125625, 164
1697540050.139850, 164
1697540050.159725, 165
1697540050.179569, 163
1697540050.195527, 164
1697540050.210293, 164
1697540050.224916, 164
1697540050.240173, 163
1697540050.258902, 164
1697540050.276542, 163
1697540050.291457, 164
1697540050.305958, 164
1697540050.325504, 165
1697540050.342114, 164
1697540050.361784, 165
1697540050.378409, 165
1697540050.396918, 165
1697540050.414604, 165
1697540050.432500, 165
1697540050.450123, 166
1697540050.468847, 166
1697540050.485745, 165
1697540050.501230, 165
1697540050.519581, 166
1697540050.537643, 165
1697540050.554925, 165
1697540050.573882, 166
1697540050.591914, 166
1697540050.606302, 165
1697540050.621040, 165
1697540050.637686, 165
1697540050.657463, 165
1697540050.672987, 165
1697540050.692411, 165
1697540050.708115, 164
1697540050.723973, 165
1697540050.741955, 164
1697540050.757279, 165
1697540050.773769, 164
1697540050.790071, 165
1697540050.810867, 166
1697540050.829138, 165
1697540050.846538, 166
1697540050.864794, 166
1697540050.882152, 166
1697540050.899951, 165
1697540050.915256, 166
1697540050.933121, 166
1697540050.951134, 165
1697540050.970606, 167
1697540050.988609, 166
1697540051.005764, 164
1697540051.027301, 167
1697540051.045400, 165
1697540051.061857, 165
1697540051.081168, 167
1697540051.097239, 166
1697540051.115769, 165
1697540051.134801, 167
1697540051.154395, 165
1697540051.174074, 166
1697540051.192556, 165
1697540051.214416, 166
1697540051.234137, 165
1697540051.254439, 165
1697540051.272133, 165
1697540051.290037, 165
1697540051.306933, 166
1697540051.325906, 167
1697540051.341828, 166
1697540051.358259, 166
1697540051.375800, 167
1697540051.394795, 166
1697540051.412696, 166
1697540051.431891, 166
1697540051.451695, 166
1697540051.471827, 165
1697540051.488332, 166
1697540051.505924, 167
1697540051.524010, 166
1697540051.540056, 166
1697540051.561654, 166
1697540051.578040, 167
1697540051.595949, 166
1697540051.612347, 166
1697540051.628268, 167
1697540051.643809, 166
1697540051.658971, 166
1697540051.676590, 168
1697540051.694963, 167
1697540051.712571, 165
1697540051.729668, 166
1697540051.749787, 165
1697540051.766658, 165
1697540051.786489, 166
1697540051.803667, 166
1697540051.820840, 165
1697540051.838743, 167
1697540051.854649, 167
1697540051.868987, 167
1697540051.887007, 167
1697540051.907035, 167
1697540051.924799, 166
1697540051.942040, 168
1697540051.959486, 167
1697540051.978729, 167
1697540051.997575, 167
1697540052.015376, 167
1697540052.034793, 168
1697540052.054190, 167
1697540052.070959, 167
1697540052.090062, 168
1697540052.105335, 168
1697540052.123435, 166
1697540052.139963, 167
1697540052.157363, 167
1697540052.175808, 167
1697540052.192687, 168
1697540052.209132, 167
1697540052.227919, 166
1697540052.245706, 167
1697540052.264305, 167
1697540052.284248, 166
1697540052.302180, 166
1697540052.318326, 167
1697540052.339034, 166
1697540052.356899, 167
1697540052.378041, 167
1697540052.394372, 168
1697540052.411815, 167
1697540052.426621, 168
1697540052.445127, 168
1697540052.464975, 168
1697540052.479950, 167
1697540052.498449, 168
1697540052.516307, 168
1697540052.535304, 167
1697540052.553563, 167
1697540052.568177, 167
1697540052.589452, 168
1697540052.608906, 168
1697540052.627247, 168
1697540052.646914, 168
1697540052.666899, 168
1697540052.682652, 168
1697540052.701892, 168
1697540052.718326, 168
1697540052.734451, 168
1697540052.749292, 167
1697540052.763160, 168
1697540052.779840, 167
1697540052.795529, 167
1697540052.811603, 168
1697540052.830399, 167
1697540052.850072, 167
1697540052.867522, 167
1697540052.883358, 169
1697540052.902988, 169
1697540052.922524, 168
1697540052.938508, 168
1697540052.958621, 168
1697540052.975157, 169
1697540052.993837, 168
1697540053.013214, 168
1697540053.030201, 167
1697540053.048936, 168
1697540053.066658, 169
1697540053.083337, 169
1697540053.100972, 169
1697540053.117037, 168
1697540053.132083, 169
1697540053.150709, 169
1697540053.171021, 168
1697540053.188719, 168
1697540053.208025, 168
1697540053.226941, 168
1697540053.245281, 169
1697540053.263906, 168
1697540053.282776, 168
1697540053.298337, 167
1697540053.317638, 169
1697540053.335493, 168
1697540053.352530, 167
1697540053.370735, 169
1697540053.390124, 168
1697540053.408592, 169
1697540053.427931, 169
1697540053.448087, 169
1697540053.463965, 169
1697540053.481935, 170
1697540053.499316, 169
1697540053.516382, 169
1697540053.533536, 169
1697540053.552711, 169
1697540053.567668, 168
1697540053.587420, 169
1697540053.602103, 169
1697540053.617593, 168
1697540053.634428, 170
1697540053.652393, 169
1697540053.668665, 170
1697540053.683084, 170
1697540053.699094, 169
1697540053.718442, 168
1697540053.734188, 169
1697540053.750636, 169
1697540053.767181, 169
1697540053.784889, 170
1697540053.803838, 169
1697540053.823636, 168
1697540053.839997, 169
1697540053.859533, 169
1697540053.878745, 168
1697540053.898791, 168
1697540053.915798, 170
1697540053.933557, 169
1697540053.951323, 169
1697540053.969402, 169
1697540053.984970, 169
1697540053.999668, 169
1697540054.018930, 170
1697540054.034648, 169
1697540054.053085, 170
1697540054.070605, 170
1697540054.090895, 170
1697540054.109524, 170
1697540054.124502, 170
1697540054.143480, 170
1697540054.163680, 169
1697540054.183688, 171
1697540054.201478, 170
1697540054.219564, 169
1697540054.239013, 170
1697540054.257043, 170
1697540054.273211, 169
1697540054.290574, 170
1697540054.309865, 170
1697540054.329387, 168
1697540054.350065, 169
1697540054.370838, 169
1697540054.389083, 169
1697540054.408399, 169
1697540054.428221, 168
1697540054.446728, 170
1697540054.462634, 171
1697540054.481449, 170
1697540054.499804, 170
1697540054.520562, 170
1697540054.537549, 169
1697540054.556628, 171
1697540054.570730, 171
1697540054.588610, 170
1697540054.603651, 170
1697540054.622093, 171
1697540054.638279, 170
1697540054.659165, 171
1697540054.678168, 171
1697540054.692514, 171
1697540054.709270, 171
1697540054.727229, 171
1697540054.744850, 170
1697540054.761410, 171
1697540054.777421, 170
1697540054.793055, 170
1697540054.812138, 171
1697540054.831702, 171
1697540054.848851, 170
1697540054.866406, 169
1697540054.882733, 170
1697540054.902039, 171
1697540054.920922, 170
1697540054.937923, 169
1697540054.953957, 171
1697540054.970527, 171
1697540054.988739, 170
1697540055.006369, 171
1697540055.024652, 170
1697540055.039750, 170
1697540055.056247, 171
1697540055.076039, 171
1697540055.093137, 170
1697540055.110990, 172
1697540055.129852, 171
1697540055.146246, 171
1697540055.163992, 172
1697540055.180981, 171
1697540055.198515, 171
1697540055.216522, 171
1697540055.234379, 171
1697540055.253842, 170
1697540055.272660, 172
1697540055.292353, 171
1697540055.310304, 172
1697540055.330169, 172
1697540055.350251, 170
1697540055.371054, 172
1697540055.386600, 170
1697540055.402140, 170
1697540055.422345, 170
1697540055.440546, 170
1697540055.459821, 170
1697540055.479442, 170
1697540055.495226, 171
1697540055.512644, 171
1697540055.530866, 171
1697540055.548737, 171
1697540055.566604, 171
1697540055.586065, 171
1697540055.605778, 172
1697540055.626478, 171
1697540055.644750, 172
1697540055.664263, 172
1697540055.683506, 172
1697540055.705192, 171
1697540055.723361, 171
1697540055.740566, 171
1697540055.760237, 172
1697540055.776868, 172
1697540055.794233, 171
1697540055.809707, 171
1697540055.828532, 172
1697540055.847980, 172
1697540055.864851, 173
1697540055.882249, 173
1697540055.902599, 171
1697540055.922662, 171
1697540055.939831, 172
1697540055.955859, 171
1697540055.974017, 171
1697540055.994526, 172
1697540056.013432, 170
1697540056.031870, 172
1697540056.048723, 172
1697540056.068557, 172
1697540056.083775, 171
1697540056.098762, 172
1697540056.117583, 171
1697540056.134469, 171
1697540056.151090, 172
1697540056.171345, 172
1697540056.187379, 172
1697540056.203344, 173
1697540056.224014, 172
1697540056.242996, 172
1697540056.257602, 173
1697540056.276786, 172
1697540056.294282, 172
1697540056.310473, 173
1697540056.325990, 172
1697540056.345060, 173
1697540056.361605, 173
1697540056.376414, 172
1697540056.395802, 172
1697540056.413132, 173
1697540056.432830, 171
1697540056.450546, 172
1697540056.469749, 171
1697540056.487605, 171
1697540056.505234, 171
1697540056.519758, 172
1697540056.536854, 171
1697540056.555232, 171
1697540056.575136, 174
1697540056.594193, 174
1697540056.612307, 173
1697540056.631917, 173
1697540056.648149, 174
1697540056.663615, 173
1697540056.682968, 173
1697540056.699276, 173
1697540056.716121, 173
1697540056.737443, 174
1697540056.757456, 173
1697540056.777737, 172
1697540056.796277, 174
1697540056.816893, 173
1697540056.833177, 173
1697540056.848333, 173
1697540056.865008, 173
1697540056.882194, 173
1697540056.899571, 174
1697540056.915673, 174
1697540056.934728, 173
1697540056.956143, 173
1697540056.974198, 172
1697540056.992540, 172
1697540057.010926, 173
1697540057.029485, 172
1697540057.047875, 172
1697540057.066577, 172
1697540057.085132, 172
1697540057.102980, 173
1697540057.121386, 174
1697540057.140555, 173
1697540057.158897, 173
1697540057.177864, 174
1697540057.194526, 173
1697540057.211447, 173
1697540057.230063, 173
1697540057.246545, 173
1697540057.266991, 173
1697540057.283683, 174
1697540057.304949, 173
1697540057.324779, 172
1697540057.343596, 174
1697540057.364775, 173
1697540057.382116, 173
1697540057.402250, 173
1697540057.419505, 174
1697540057.435851, 174
1697540057.450686, 174
1697540057.466630, 174
1697540057.484306, 174
1697540057.500673, 174
1697540057.517718, 173
1697540057.532125, 174
1697540057.546168, 172
1697540057.561346, 174
1697540057.582376, 173
1697540057.602082, 173
1697540057.619480, 174
1697540057.640128, 174
1697540057.660156, 175
1697540057.679750, 174
1697540057.699543, 174
1697540057.714429, 175
1697540057.732997, 174
1697540057.749691, 173
1697540057.764916, 173
1697540057.781124, 174
1697540057.800877, 175
1697540057.816999, 174
1697540057.831719, 175
1697540057.849962, 175
1697540057.866452, 174
1697540057.886865, 175
1697540057.907605, 174
1697540057.923505, 174
1697540057.942043, 174
1697540057.956770, 174
1697540057.975647, 175
1697540057.992720, 174
1697540058.007606, 175
1697540058.025503, 173
1697540058.041683, 173
1697540058.057995, 173
1697540058.074855, 173
1697540058.096263, 173
1697540058.114328, 174
1697540058.130234, 173
1697540058.147355, 173
1697540058.166098, 174
1697540058.187679, 174
1697540058.205739, 174
1697540058.225046, 174
1697540058.239169, 174
1697540058.257930, 174
1697540058.275166, 174
1697540058.291965, 175
1697540058.310114, 174
1697540058.330167, 176
1697540058.348391, 175
1697540058.366205, 174
1697540058.383856, 174
1697540058.401895, 174
1697540058.421268, 174
1697540058.439098, 176
1697540058.459640, 175
1697540058.474744, 176
1697540058.494755, 175
1697540058.510561, 175
1697540058.528203, 175
1697540058.546059, 175
1697540058.565110, 174
1697540058.583041, 173
1697540058.599697, 175
1697540058.618174, 174
1697540058.635656, 174
1697540058.652282, 174
1697540058.671369, 174
1697540058.690947, 174
1697540058.706546, 175
1697540058.725204, 176
1697540058.743129, 174
1697540058.758377, 175
1697540058.775572, 175
1697540058.790606, 175
1697540058.808738, 175
1697540058.829604, 175
1697540058.845849, 175
1697540058.863512, 175
1697540058.882062, 175
1697540058.901085, 175
1697540058.917547, 175
1697540058.934172, 175
1697540058.953856, 175
1697540058.970195, 175
1697540058.990116, 176
1697540059.005210, 175
1697540059.022851, 175
1697540059.041119, 175
1697540059.059243, 175
1697540059.075507, 175
1697540059.095508, 176
1697540059.114293, 173
1697540059.128847, 175
1697540059.147662, 175
1697540059.164305, 175
1697540059.180271, 175
1697540059.195144, 176
1697540059.214654, 176
1697540059.234049, 176
1697540059.251423, 176
1697540059.266992, 176
1697540059.285026, 176
1697540059.303822, 176
1697540059.319494, 177
1697540059.335780, 176
1697540059.356928, 176
1697540059.376686, 176
1697540059.395696, 177
1697540059.413417, 176
1697540059.432772, 177
1697540059.451891, 175
1697540059.471195, 177
1697540059.490287, 177
1697540059.508429, 175
1697540059.525861, 177
1697540059.542915, 176
1697540059.561503, 176
1697540059.581578, 177
1697540059.597991, 178
1697540059.615618, 177
1697540059.636691, 176
1697540059.654886, 175
1697540059.673898, 175
1697540059.692299, 175
1697540059.708767, 176
1697540059.727465, 174
1697540059.745807, 176
1697540059.761002, 175
1697540059.782384, 176
1697540059.802252, 177
1697540059.819830, 176
1697540059.837465, 177
1697540059.859324, 177
1697540059.875252, 177
1697540059.892699, 177
1697540059.913013, 176
1697540059.931212, 176
1697540059.949121, 176
1697540059.967816, 177
1697540059.987964, 176
1697540060.007351, 178
1697540060.025928, 178
1697540060.042799, 176
1697540060.062784, 178
1697540060.080810, 178
1697540060.099988, 177
1697540060.118957, 178
1697540060.138473, 177
1697540060.155558, 177
1697540060.173562, 177
1697540060.191056, 176
1697540060.210673, 176
1697540060.230008, 177
1697540060.250242, 177
1697540060.268424, 176
1697540060.285499, 177
1697540060.300565, 176
1697540060.319878, 177
1697540060.339932, 177
1697540060.354493, 178
1697540060.374650, 178
1697540060.391767, 178
1697540060.410808, 178
1697540060.427388, 177
1697540060.446894, 177
1697540060.466018, 178
1697540060.484203, 177
1697540060.502261, 177
1697540060.523170, 177
1697540060.541837, 177
1697540060.559571, 178
1697540060.574036, 177
1697540060.592155, 177
1697540060.607469, 177
1697540060.624633, 178
1697540060.642288, 178
1697540060.660879, 176
1697540060.676763, 178
1697540060.695973, 177
1697540060.710991, 177
1697540060.729171, 178
1697540060.745118, 176
1697540060.760223, 176
1697540060.778895, 176
1697540060.798474, 177
1697540060.814030, 176
1697540060.834814, 177
1697540060.851800, 177
1697540060.871156, 176
1697540060.889418, 178
1697540060.907048, 178
1697540060.925442, 178
1697540060.940553, 178
1697540060.959783, 179
1697540060.975173, 178
1697540060.995730, 178
1697540061.015723, 179
1697540061.031538, 178
1697540061.048556, 179
1697540061.064390, 178
1697540061.082527, 178
1697540061.101449, 179
1697540061.117198, 179
1697540061.131775, 178
1697540061.151869, 178
1697540061.170205, 179
1697540061.185275, 178
1697540061.204173, 178
1697540061.221650, 178
1697540061.242120, 177
1697540061.261709, 178
1697540061.280828, 179
1697540061.297893, 177
1697540061.314978, 178
1697540061.334959, 178
1697540061.354551, 178
1697540061.369717, 178
1697540061.388650, 178
1697540061.404231, 178
1697540061.420182, 178
1697540061.435867, 178
1697540061.454955, 178
1697540061.474008, 177
1697540061.492032, 178
1697540061.506061, 179
1697540061.525266, 178
1697540061.540708, 178
1697540061.558092, 178
1697540061.578420, 178
1697540061.593075, 178
1697540061.611901, 179
1697540061.626547, 178
1697540061.645641, 178
1697540061.662929, 179
1697540061.680792, 178
1697540061.699890, 179
1697540061.719499, 178
1697540061.739393, 179
1697540061.759304, 179
1697540061.776329, 180
1697540061.792085, 179
1697540061.807107, 180
1697540061.825362, 180
1697540061.839441, 179
1697540061.854603, 178
1697540061.874088, 179
1697540061.888984, 178
1697540061.905834, 178
1697540061.920401, 179
1697540061.934904, 179
1697540061.950999, 180
1697540061.966138, 179
1697540061.980556, 179
1697540061.994630, 179
1697540062.008813, 179
1697540062.023392, 179
1697540062.038018, 180
1697540062.053868, 179
1697540062.069384, 179
1697540062.083657, 179
1697540062.100914, 179
1697540062.118262, 179
1697540062.132710, 179
1697540062.147746, 180
1697540062.162123, 179
1697540062.177990, 179
1697540062.193866, 179
1697540062.208256, 180
1697540062.222800, 179
1697540062.237777, 178
1697540062.252189, 179
1697540062.266658, 179
1697540062.285209, 179
1697540062.300200, 180
1697540062.315271, 180
1697540062.330393, 180
1697540062.344868, 179
1697540062.359335, 179
1697540062.373921, 178
1697540062.388527, 179
1697540062.403354, 179
1697540062.417688, 178
1697540062.432424, 179
1697540062.447088, 178
1697540062.464660, 179
1697540062.479358, 179
1697540062.493356, 180
1697540062.509416, 178
1697540062.525331, 179
1697540062.539433, 180
1697540062.555407, 179
1697540062.573197, 180
1697540062.591581, 180
1697540062.611775, 180
1697540062.631799, 181
1697540062.652399, 180
1697540062.668886, 180
1697540062.683825, 181
1697540062.704859, 180
1697540062.724534, 180
1697540062.741589, 180
1697540062.755856, 181
1697540062.773550, 181
1697540062.790316, 181
1697540062.806849, 180
1697540062.825375, 179
1697540062.842416, 180
1697540062.862403, 181
1697540062.878267, 181
1697540062.892365, 180
1697540062.910152, 181
1697540062.925019, 180
1697540062.939654, 178
1697540062.953803, 179
1697540062.968745, 179
1697540062.985172, 179
1697540063.003337, 180
1697540063.017794, 179
1697540063.032591, 179
1697540063.047410, 180
1697540063.064700, 181
1697540063.079169, 181
1697540063.093434, 180
1697540063.109066, 181
1697540063.127558, 180
1697540063.147107, 180
1697540063.164598, 181
1697540063.179532, 181
1697540063.194966, 180
1697540063.213967, 181
1697540063.232772, 181
1697540063.247237, 181
1697540063.262180, 180
1697540063.280561, 181
1697540063.295552, 181
1697540063.314440, 180
1697540063.333219, 180
1697540063.352509, 180
1697540063.372048, 180
1697540063.392839, 180
1697540063.410433, 180
1697540063.426523, 180
1697540063.441761, 181
1697540063.456604, 181
1697540063.470862, 180
1697540063.485365, 179
1697540063.500098, 179
1697540063.517519, 180
1697540063.531331, 180
1697540063.548341, 180
1697540063.564257, 180
1697540063.582702, 181
1697540063.599262, 181
1697540063.617965, 182
1697540063.635295, 182
1697540063.652359, 180
1697540063.670629, 181
1697540063.685295, 181
1697540063.702837, 181
1697540063.716747, 182
1697540063.735553, 181
1697540063.752438, 182
1697540063.767624, 181
1697540063.783046, 182
1697540063.800490, 181
1697540063.816937, 181
1697540063.834745, 182
1697540063.849644, 182
1697540063.864844, 181
1697540063.885423, 181
1697540063.905893, 181
1697540063.926168, 181
1697540063.943406, 181
1697540063.960864, 182
1697540063.977112, 182
1697540063.994621, 182
1697540064.012614, 182
1697540064.028853, 181
1697540064.045328, 181
1697540064.062684, 182
1697540064.081319, 181
1697540064.099821, 181
1697540064.116153, 181
1697540064.134189, 182
1697540064.153268, 182
1697540064.171512, 182
1697540064.189187, 181
1697540064.208936, 183
1697540064.229186, 183
1697540064.247470, 184
1697540064.265728, 182
1697540064.280792, 182
1697540064.298294, 182
1697540064.315697, 183
1697540064.331632, 182
1697540064.347521, 182
1697540064.369313, 183
1697540064.390760, 182
1697540064.409066, 183
1697540064.426872, 182
1697540064.446820, 183
1697540064.465403, 182
1697540064.484602, 182
1697540064.501397, 182
1697540064.515432, 182
1697540064.536936, 182
1697540064.554844, 183
1697540064.571531, 181
1697540064.587028, 182
1697540064.604990, 181
1697540064.622299, 181
1697540064.642479, 182
1697540064.661815, 181
1697540064.681333, 180
1697540064.699544, 183
1697540064.716509, 182
1697540064.736183, 182
1697540064.751343, 183
1697540064.772762, 183
1697540064.789817, 182
1697540064.808734, 183
1697540064.827507, 182
1697540064.845327, 182
1697540064.863018, 182
1697540064.881425, 183
1697540064.900450, 182
1697540064.916719, 183
1697540064.931758, 183
1697540064.952150, 182
1697540064.972956, 183
1697540064.990817, 182
1697540065.011410, 182
1697540065.027332, 183
1697540065.043724, 182
1697540065.062138, 182
1697540065.076689, 183
1697540065.091243, 183
1697540065.107466, 183
1697540065.125082, 182
1697540065.143532, 181
1697540065.161066, 182
1697540065.179180, 182
1697540065.195624, 182
1697540065.214985, 181
1697540065.232139, 182
1697540065.248662, 182
1697540065.265414, 183
1697540065.281653, 182
1697540065.296556, 184
1697540065.316882, 183
1697540065.333113, 183
1697540065.348413, 183
1697540065.368376, 183
1697540065.385730, 184
1697540065.404588, 183
1697540065.423251, 184
1697540065.438373, 184
1697540065.457221, 182
1697540065.476504, 184
1697540065.494045, 183
1697540065.514168, 183
1697540065.532517, 184
1697540065.550693, 183
1697540065.569400, 183
1697540065.587442, 184
1697540065.607014, 183
1697540065.623026, 183
1697540065.642541, 183
1697540065.663528, 183
1697540065.682359, 181
1697540065.700900, 183
1697540065.717545, 182
1697540065.737696, 182
1697540065.758338, 182
1697540065.777935, 183
1697540065.797427, 182
1697540065.817563, 183
1697540065.834124, 184
1697540065.850258, 183
1697540065.866885, 183
1697540065.887355, 183
1697540065.904132, 184
1697540065.919581, 183
1697540065.941280, 184
1697540065.956661, 184
1697540065.971211, 183
1697540065.987494, 183
1697540066.007456, 184
1697540066.023200, 183
1697540066.040795, 183
1697540066.058581, 184
1697540066.073560, 183
1697540066.091019, 184
1697540066.110952, 184
1697540066.130816, 183
1697540066.149701, 183
1697540066.168778, 184
1697540066.183858, 183
1697540066.202000, 184
1697540066.219864, 184
1697540066.237143, 184
1697540066.251830, 184
1697540066.269520, 182
1697540066.288569, 183
1697540066.305546, 184
1697540066.324898, 183
1697540066.344500, 183
1697540066.363155, 185
1697540066.378706, 183
1697540066.399114, 184
1697540066.419181, 185
1697540066.438250, 184
1697540066.457170, 185
1697540066.472509, 185
1697540066.489537, 184
1697540066.506322, 184
1697540066.527352, 184
1697540066.544783, 184
1697540066.560781, 183
1697540066.578933, 184
1697540066.595362, 185
1697540066.611732, 184
1697540066.627369, 185
1697540066.642326, 185
1697540066.656814, 185
1697540066.672619, 185
1697540066.690112, 185
1697540066.708460, 184
1697540066.725595, 184
1697540066.743625, 184
1697540066.761715, 186
1697540066.778906, 185
1697540066.793712, 184
1697540066.812531, 183
1697540066.830525, 184
1697540066.850775, 183
1697540066.868924, 183
1697540066.886606, 184
1697540066.904726, 183
1697540066.921700, 183
1697540066.938807, 185
1697540066.953499, 185
1697540066.972081, 184
1697540066.990922, 185
1697540067.005241, 185
1697540067.025378, 185
1697540067.046588, 185
1697540067.063393, 185
1697540067.084485, 186
1697540067.105459, 186
1697540067.123699, 186
1697540067.140562, 186
1697540067.159389, 186
1697540067.178091, 186
1697540067.195085, 185
1697540067.211512, 185
1697540067.227302, 185
1697540067.243639, 185
1697540067.260757, 185
1697540067.277019, 186
1697540067.295082, 185
1697540067.313039, 185
1697540067.332341, 186
1697540067.351593, 186
1697540067.370694, 184
1697540067.386837, 185
1697540067.405848, 185
1697540067.424993, 184
1697540067.441071, 184
1697540067.461957, 185
1697540067.482617, 184
1697540067.499410, 186
1697540067.516809, 185
1697540067.534690, 185
1697540067.554194, 186
1697540067.573852, 185
1697540067.592153, 185
1697540067.612775, 186
1697540067.631889, 187
1697540067.650329, 185
1697540067.669371, 185
1697540067.686680, 187
1697540067.703393, 186
1697540067.720291, 185
1697540067.738969, 187
1697540067.759451, 185
1697540067.778122, 185
1697540067.797869, 187
1697540067.815525, 186
1697540067.830907, 186
1697540067.847771, 185
1697540067.867015, 185
1697540067.884409, 185
1697540067.903464, 187
1697540067.923072, 185
1697540067.943088, 184
1697540067.961497, 186
1697540067.979504, 184
1697540067.996860, 185
1697540068.015474, 184
1697540068.029845, 185
1697540068.049216, 187
1697540068.068517, 186
1697540068.085251, 186
1697540068.103656, 186
1697540068.121076, 187
1697540068.135984, 186
1697540068.151526, 187
1697540068.171118, 186
1697540068.189232, 186
1697540068.206035, 186
1697540068.226605, 186
1697540068.245782, 186
1697540068.265597, 187
1697540068.282087, 186
1697540068.299753, 186
1697540068.317305, 186
1697540068.334096, 186
1697540068.350022, 186
1697540068.366563, 187
1697540068.387906, 187
1697540068.402540, 186
1697540068.421466, 186
1697540068.435672, 187
1697540068.451436, 186
1697540068.471864, 186
1697540068.491635, 185
1697540068.511070, 186
1697540068.527512, 185
1697540068.544416, 185
1697540068.563755, 186
1697540068.582061, 185
1697540068.600168, 185
1697540068.617782, 187
1697540068.635771, 186
1697540068.655375, 187
1697540068.671605, 187
1697540068.687721, 186
1697540068.706191, 186
1697540068.721102, 188
1697540068.740475, 187
1697540068.757494, 186
1697540068.774913, 187
1697540068.794685, 186
1697540068.814445, 186
1697540068.834018, 187
1697540068.850935, 186
1697540068.869063, 187
1697540068.885273, 186
1697540068.900134, 187
1697540068.920953, 187
1697540068.939079, 187
1697540068.955400, 187
1697540068.974735, 187
1697540068.995543, 188
1697540069.011749, 187
1697540069.030933, 188
1697540069.047884, 187
1697540069.063701, 186
1697540069.083459, 187
1697540069.100159, 186
1697540069.118004, 186
1697540069.132802, 187
1697540069.150369, 186
1697540069.167882, 186
1697540069.187010, 187
1697540069.205645, 187
1697540069.222393, 187
1697540069.238839, 187
1697540069.255292, 188
1697540069.273712, 187
1697540069.289359, 187
1697540069.305083, 187
1697540069.322004, 187
1697540069.342340, 187
1697540069.358394, 188
1697540069.378233, 187
1697540069.398598, 188
1697540069.415272, 188
1697540069.432271, 188
1697540069.450667, 188
1697540069.466125, 187
1697540069.483427, 187
1697540069.500497, 188
1697540069.523236, 188
1697540069.543357, 188
1697540069.561085, 188
1697540069.578480, 188
1697540069.598075, 189
1697540069.616784, 187
1697540069.638800, 187
1697540069.658368, 187
1697540069.675728, 187
1697540069.696991, 188
1697540069.718709, 187
1697540069.736421, 186
1697540069.753451, 187
1697540069.770268, 187
1697540069.788447, 187
1697540069.807549, 189
1697540069.827765, 188
1697540069.847243, 189
1697540069.869150, 189
1697540069.888451, 189
1697540069.907771, 189
1697540069.925460, 189
1697540069.942804, 187
1697540069.961731, 188
1697540069.978226, 189
1697540069.996485, 187
1697540070.015383, 188
1697540070.035754, 189
1697540070.054192, 188
1697540070.072445, 189
1697540070.091496, 188
1697540070.110700, 189
1697540070.125924, 188
1697540070.141898, 188
1697540070.155868, 188
1697540070.173030, 189
1697540070.191928, 187
1697540070.209198, 187
1697540070.224784, 188
1697540070.239901, 188
1697540070.254535, 188
1697540070.268988, 187
1697540070.284031, 188
1697540070.299169, 188
1697540070.313549, 189
1697540070.328916, 188
1697540070.344055, 189
1697540070.359500, 190
1697540070.373587, 189
1697540070.388243, 189
1697540070.403153, 189
1697540070.418072, 189
1697540070.432398, 188
1697540070.447937, 188
1697540070.463135, 189
1697540070.477232, 189
1697540070.492011, 189
1697540070.511485, 189
1697540070.528092, 189
1697540070.544480, 188
1697540070.560808, 188
1697540070.578738, 189
1697540070.593030, 189
1697540070.612641, 188
1697540070.631372, 189
1697540070.650481, 188
1697540070.668476, 189
1697540070.685633, 190
1697540070.706076, 188
1697540070.725563, 189
1697540070.743424, 189
1697540070.762025, 187
1697540070.778627, 188
1697540070.797159, 188
1697540070.813697, 188
1697540070.830001, 188
1697540070.849371, 189
1697540070.867527, 187
1697540070.884153, 190
1697540070.901876, 189
1697540070.919120, 188
1697540070.939988, 189
1697540070.958120, 190
1697540070.976347, 189
1697540070.994476, 189
1697540071.012172, 189
1697540071.029356, 189
1697540071.049990, 189
1697540071.069690, 189
1697540071.088750, 188
1697540071.108206, 189
1697540071.125668, 189
1697540071.141646, 189
1697540071.159776, 189
1697540071.175926, 189
1697540071.195087, 189
1697540071.212813, 189
1697540071.228461, 190
1697540071.246602, 190
1697540071.261601, 190
1697540071.280240, 190
1697540071.299244, 190
1697540071.317071, 190
1697540071.335400, 190
1697540071.351672, 188
1697540071.371757, 188
1697540071.391787, 189
1697540071.410925, 189
1697540071.428274, 188
1697540071.443475, 189
1697540071.462940, 189
1697540071.479723, 188
1697540071.506957, 190
1697540071.527071, 190
1697540071.544425, 190
1697540071.561564, 190
1697540071.576652, 189
1697540071.595599, 189
1697540071.612000, 190
1697540071.632731, 189
1697540071.650951, 189
1697540071.667209, 190
1697540071.686167, 189
1697540071.704473, 190
1697540071.721074, 190
1697540071.739326, 189
1697540071.757955, 190
1697540071.777786, 190
1697540071.796181, 190
1697540071.814476, 190
1697540071.833461, 191
1697540071.850876, 190
1697540071.868816, 190
1697540071.886631, 190
1697540071.903305, 189
1697540071.921080, 189
1697540071.938958, 189
1697540071.956741, 188
1697540071.975507, 189
1697540071.993281, 189
1697540072.013203, 189
1697540072.032659, 189
1697540072.050498, 191
1697540072.065837, 189
1697540072.084841, 191
1697540072.100654, 190
1697540072.119711, 190
1697540072.135467, 191
1697540072.153322, 191
1697540072.170839, 191
1697540072.187794, 189
1697540072.204708, 190
1697540072.222107, 191
1697540072.239573, 191
1697540072.256487, 190
1697540072.277847, 190
1697540072.294454, 190
1697540072.314212, 190
1697540072.332428, 191
1697540072.348260, 191
1697540072.363698, 190
1697540072.383184, 191
1697540072.400176, 191
1697540072.415888, 189
1697540072.436334, 191
1697540072.454516, 190
1697540072.472170, 190
1697540072.491171, 190
1697540072.509498, 189
1697540072.525886, 189
1697540072.542521, 190
1697540072.559470, 189
1697540072.577812, 189
1697540072.593669, 191
1697540072.608499, 191
1697540072.625869, 190
1697540072.644425, 191
1697540072.662401, 191
1697540072.680290, 191
1697540072.699526, 192
1697540072.715327, 190
1697540072.731180, 191
1697540072.749856, 191
1697540072.766198, 191
1697540072.784295, 189
1697540072.804083, 191
1697540072.823703, 190
1697540072.841247, 192
1697540072.857183, 190
1697540072.875484, 190
1697540072.896131, 191
1697540072.916881, 191
1697540072.937297, 191
1697540072.955978, 191
1697540072.971568, 191
1697540072.987083, 192
1697540073.003630, 190
1697540073.018431, 191
1697540073.038752, 191
1697540073.057418, 191
1697540073.076922, 190
1697540073.096239, 189
1697540073.113694, 190
1697540073.134020, 190
1697540073.152888, 191
1697540073.168351, 189
1697540073.188200, 193
1697540073.206774, 193
1697540073.224798, 193
1697540073.242824, 193
1697540073.259222, 193
1697540073.279405, 192
1697540073.298941, 193
1697540073.319234, 192
1697540073.339843, 193
1697540073.357476, 193
1697540073.373506, 193
1697540073.392073, 192
1697540073.408639, 193
1697540073.428643, 192
1697540073.447242, 192
1697540073.464365, 193
1697540073.484081, 192
1697540073.501510, 193
1697540073.522276, 193
1697540073.537326, 193
1697540073.555860, 193
1697540073.573455, 194
1697540073.592523, 193
1697540073.611722, 194
1697540073.632558, 192
1697540073.652214, 190
1697540073.671383, 191
1697540073.688957, 192
1697540073.706452, 190
1697540073.722484, 191
1697540073.740696, 191
1697540073.758888, 191
1697540073.777724, 192
1697540073.797757, 193
1697540073.814630, 192
1697540073.833323, 193
1697540073.853143, 192
1697540073.869383, 191
1697540073.889527, 193
1697540073.905357, 192
1697540073.927054, 192
1697540073.945214, 192
1697540073.961914, 192
1697540073.981690, 192
1697540074.000091, 192
1697540074.020069, 193
1697540074.035983, 191
1697540074.057774, 193
1697540074.075343, 193
1697540074.090496, 193
1697540074.106292, 192
1697540074.124958, 194
1697540074.142762, 192
1697540074.162296, 191
1697540074.180756, 193
1697540074.201073, 191
1697540074.220689, 192
1697540074.237622, 193
1697540074.254749, 192
1697540074.271336, 191
1697540074.290577, 192
1697540074.308957, 191
1697540074.328344, 193
1697540074.347460, 192
1697540074.367542, 192
1697540074.387413, 194
1697540074.404961, 193
1697540074.422059, 193
1697540074.441860, 194
1697540074.460014, 192
1697540074.477421, 193
1697540074.493783, 193
1697540074.511331, 193
1697540074.529963, 192
1697540074.547916, 193
1697540074.567459, 193
1697540074.586472, 192
1697540074.601734, 193
1697540074.618178, 194
1697540074.636627, 193
1697540074.654438, 193
1697540074.675977, 193
1697540074.693560, 194
1697540074.714796, 193
1697540074.732259, 193
1697540074.748287, 193
1697540074.769485, 193
1697540074.785937, 192
1697540074.800701, 192
1697540074.817555, 193
1697540074.837913, 192
1697540074.854838, 192
1697540074.873297, 192
1697540074.892174, 192
1697540074.910294, 194
1697540074.930885, 194
1697540074.948273, 193
1697540074.967189, 194
1697540074.986436, 194
1697540075.005179, 193
1697540075.022582, 193
1697540075.039690, 194
1697540075.059099, 194
1697540075.075114, 194
1697540075.095936, 194
1697540075.115851, 193
1697540075.134745, 193
1697540075.152201, 194
1697540075.169744, 195
1697540075.185647, 193
1697540075.204255, 195
1697540075.220089, 195
1697540075.239983, 194
1697540075.257472, 194
1697540075.274953, 194
1697540075.293217, 193
1697540075.309854, 195
1697540075.331219, 193
1697540075.350658, 193
1697540075.369167, 193
1697540075.387044, 193
1697540075.405154, 193
1697540075.424888, 193
1697540075.443693, 193
1697540075.459067, 192
1697540075.476043, 193
1697540075.494642, 193
1697540075.514228, 195
1697540075.529103, 194
1697540075.547833, 194
1697540075.566656, 193
1697540075.582878, 194
1697540075.601107, 194
1697540075.617652, 194
1697540075.635873, 194
1697540075.655449, 194
1697540075.674911, 194
1697540075.694940, 194
1697540075.713434, 194
1697540075.729684, 193
1697540075.746868, 194
1697540075.764516, 194
1697540075.782495, 193
1697540075.800882, 194
1697540075.818313, 195
1697540075.833939, 194
1697540075.853842, 194
1697540075.872673, 194
1697540075.892688, 194
1697540075.910542, 194
1697540075.926103, 194
1697540075.946943, 194
1697540075.966708, 194
1697540075.986381, 193
1697540076.005030, 193
1697540076.024433, 195
1697540076.039263, 194
1697540076.059919, 193
1697540076.079346, 196
1697540076.096642, 196
1697540076.112421, 194
1697540076.128825, 196
1697540076.149441, 195
1697540076.167574, 195
1697540076.185951, 195
1697540076.204322, 195
1697540076.222261, 194
1697540076.239729, 196
1697540076.258175, 195
1697540076.275277, 194
1697540076.291512, 195
1697540076.309106, 195
1697540076.328742, 194
1697540076.349092, 195
1697540076.367921, 196
1697540076.384491, 195
1697540076.404184, 195
1697540076.419837, 195
1697540076.437615, 195
1697540076.457279, 196
1697540076.474327, 196
1697540076.492682, 196
1697540076.511102, 195
1697540076.528399, 194
1697540076.547227, 195
1697540076.568376, 194
1697540076.586632, 194
1697540076.604709, 195
1697540076.625289, 194
1697540076.640851, 194
1697540076.660452, 195
1697540076.679558, 195
1697540076.697833, 195
1697540076.713380, 196
1697540076.731461, 196
1697540076.747821, 195
1697540076.766772, 196
1697540076.786353, 195
1697540076.803900, 195
1697540076.822136, 195
1697540076.839883, 195
1697540076.857168, 195
1697540076.876066, 194
1697540076.892277, 196
1697540076.911892, 195
1697540076.931502, 195
1697540076.947805, 197
1697540076.964294, 195
1697540076.981006, 196
1697540077.000546, 196
1697540077.019559, 196
1697540077.034630, 195
1697540077.051480, 196
1697540077.070477, 196
1697540077.088014, 196
1697540077.103606, 195
1697540077.119756, 196
1697540077.139621, 195
1697540077.158808, 194
1697540077.176104, 195
1697540077.195051, 195
1697540077.214287, 195
1697540077.232862, 195
1697540077.250379, 196
1697540077.268006, 197
1697540077.285862, 197
1697540077.305548, 196
1697540077.322600, 196
1697540077.340488, 197
1697540077.357333, 196
1697540077.372389, 196
1697540077.387522, 197
1697540077.406389, 196
1697540077.424628, 197
1697540077.443369, 198
1697540077.461114, 196
1697540077.480225, 197
1697540077.498555, 197
1697540077.515138, 197
1697540077.532295, 197
1697540077.552628, 198
1697540077.569545, 197
1697540077.588709, 197
1697540077.604197, 197
1697540077.623686, 197
1697540077.640207, 198
1697540077.659894, 197
1697540077.678603, 196
1697540077.696024, 197
1697540077.715129, 197
1697540077.732290, 196
1697540077.749647, 196
1697540077.771472, 196
1697540077.789647, 196
1697540077.806684, 196
1697540077.823631, 196
1697540077.841558, 196
1697540077.861485, 197
1697540077.881974, 197
1697540077.901133, 197
1697540077.920444, 197
1697540077.938509, 197
1697540077.955806, 196
1697540077.970766, 196
1697540077.990332, 197
1697540078.007634, 196
1697540078.025636, 196
1697540078.045348, 197
1697540078.064416, 197
1697540078.081166, 196
1697540078.097270, 197
1697540078.113406, 197
1697540078.130513, 197
1697540078.145966, 197
1697540078.160762, 197
1697540078.178296, 197
1697540078.192084, 196
1697540078.206656, 197
1697540078.222082, 197
1697540078.237578, 196
1697540078.255468, 197
1697540078.272285, 197
1697540078.287141, 196
1697540078.302433, 195
1697540078.317137, 196
1697540078.333529, 196
1697540078.351794, 196
1697540078.370762, 197
1697540078.390265, 196
1697540078.405740, 196
1697540078.423695, 197
1697540078.438381, 197
1697540078.459397, 197
1697540078.477503, 197
1697540078.493282, 197
1697540078.510371, 197
1697540078.526981, 197
1697540078.541781, 197
1697540078.560030, 197
1697540078.575873, 198
1697540078.594018, 197
1697540078.608852, 197
1697540078.623301, 196
1697540078.637686, 197
1697540078.654293, 197
1697540078.671850, 197
1697540078.688225, 198
1697540078.704998, 197
1697540078.719405, 197
1697540078.736771, 197
1697540078.753838, 198
1697540078.771996, 197
1697540078.790361, 197
1697540078.809643, 197
1697540078.825603, 198
1697540078.841758, 197
1697540078.857102, 198
1697540078.876754, 198
1697540078.894192, 197
1697540078.913049, 197
1697540078.930142, 197
1697540078.947335, 196
1697540078.966547, 197
1697540078.986846, 197
1697540079.006769, 198
1697540079.025425, 198
1697540079.040874, 197
1697540079.058400, 197
1697540079.074756, 199
1697540079.094611, 198
1697540079.114295, 197
1697540079.133730, 199
1697540079.151004, 198
1697540079.169956, 197
1697540079.188395, 198
1697540079.207565, 199
1697540079.224221, 198
1697540079.241610, 199
1697540079.256759, 199
1697540079.274448, 198
1697540079.294327, 199
1697540079.313574, 199
1697540079.332674, 199
1697540079.352664, 199
1697540079.370686, 199
1697540079.388609, 199
1697540079.406372, 199
1697540079.425163, 199
1697540079.443428, 200
1697540079.463210, 199
1697540079.479989, 198
1697540079.500010, 198
1697540079.519138, 198
1697540079.539197, 197
1697540079.554613, 198
1697540079.571046, 199
1697540079.587024, 197
1697540079.606706, 199
1697540079.625893, 199
1697540079.645283, 199
1697540079.661890, 198
1697540079.682903, 198
1697540079.700927, 198
1697540079.717832, 198
1697540079.734353, 198
1697540079.751926, 197
1697540079.768103, 198
1697540079.786088, 198
1697540079.806511, 198
1697540079.825534, 199
1697540079.844099, 199
1697540079.863253, 199
1697540079.883785, 199
1697540079.901843, 199
1697540079.917071, 199
1697540079.937412, 199
1697540079.956810, 199
1697540079.976881, 198
1697540079.992734, 199
1697540080.012185, 200
1697540080.031672, 199
1697540080.050119, 200
1697540080.068209, 199
1697540080.085829, 198
1697540080.106111, 198
1697540080.123374, 198
1697540080.143895, 198
1697540080.159427, 199
1697540080.176433, 198
1697540080.193136, 199
1697540080.211951, 199
1697540080.230417, 199
1697540080.249185, 199
1697540080.268582, 199
1697540080.286551, 199
1697540080.305537, 198
1697540080.324605, 199
1697540080.341101, 199
1697540080.356513, 199
1697540080.375761, 199
1697540080.394526, 199
1697540080.415260, 198
1697540080.434333, 199
1697540080.451432, 199
1697540080.468215, 198
1697540080.483716, 199
1697540080.503967, 199
1697540080.519778, 199
1697540080.540176, 199
1697540080.559800, 199
1697540080.577286, 198
1697540080.593323, 199
1697540080.610386, 199
1697540080.625351, 199
1697540080.644811, 199
1697540080.663879, 198
1697540080.683987, 197
1697540080.701303, 198
1697540080.719021, 199
1697540080.737919, 197
1697540080.756086, 199
1697540080.776449, 199
1697540080.795668, 199
1697540080.815891, 199
1697540080.833080, 199
1697540080.851652, 199
1697540080.871048, 199
1697540080.889223, 200
1697540080.908115, 198
1697540080.928761, 199
1697540080.948062, 200
1697540080.964031, 199
1697540080.982270, 200
1697540080.997901, 200
1697540081.016034, 199
1697540081.031363, 199
1697540081.047429, 199
1697540081.065672, 199
1697540081.082060, 199
1697540081.100919, 199
1697540081.118944, 198
1697540081.135450, 198
1697540081.150982, 199
1697540081.169787, 199
1697540081.189875, 199
1697540081.209745, 199
1697540081.226173, 198
1697540081.243695, 198
1697540081.258441, 200
1697540081.278018, 198
1697540081.296894, 198
1697540081.314652, 198
1697540081.332035, 197
1697540081.350591, 196
1697540081.369596, 196
1697540081.386041, 195
1697540081.401651, 197
1697540081.419285, 196
1697540081.440567, 194
1697540081.459536, 195
1697540081.478261, 194
1697540081.494606, 194
1697540081.512858, 194
1697540081.532490, 194
1697540081.550642, 194
1697540081.566600, 192
1697540081.586180, 193
1697540081.606786, 192
1697540081.623214, 192
1697540081.640639, 193
1697540081.660850, 193
1697540081.680236, 191
1697540081.698330, 191
1697540081.719113, 191
1697540081.739638, 191
1697540081.758465, 188
1697540081.775927, 182
1697540081.793213, 176
1697540081.809653, 167
1697540081.826839, 160
1697540081.846750, 151
1697540081.865918, 146
1697540081.885593, 137
1697540081.904301, 131
1697540081.921652, 122
1697540081.941489, 117
1697540081.959200, 110
1697540081.976020, 105
1697540081.990789, 98
1697540082.006999, 96
1697540082.022642, 98
1697540082.039031, 98
1697540082.059048, 98
1697540082.079228, 97
1697540082.097750, 98
1697540082.115136, 97
1697540082.131679, 97
1697540082.147460, 99
1697540082.165752, 97
1697540082.182532, 97
1697540082.199583, 97
1697540082.219796, 97
1697540082.237596, 96
1697540082.254654, 97
1697540082.272120, 96
1697540082.287060, 98
1697540082.307613, 98
1697540082.326855, 98
1697540082.344765, 98
1697540082.363863, 99
1697540082.380726, 98
1697540082.400278, 98
1697540082.414614, 98
1697540082.433784, 98
1697540082.453494, 98
1697540082.472811, 98
1697540082.488561, 98
1697540082.503161, 98
1697540082.521652, 99
1697540082.539323, 98
1697540082.557399, 97
1697540082.577167, 98
1697540082.594687, 98
1697540082.614143, 97
1697540082.631100, 98
1697540082.651743, 99
1697540082.670893, 99
1697540082.688729, 99
1697540082.709238, 99
1697540082.729190, 98
1697540082.748904, 99
1697540082.766405, 99
1697540082.784182, 99
1697540082.803874, 100
1697540082.824089, 100
1697540082.841977, 99
1697540082.859677, 100
1697540082.878592, 98
1697540082.899172, 99
1697540082.916321, 98
1697540082.930291, 98
1697540082.947364, 98
1697540082.964938, 99
1697540082.983112, 98
1697540083.003304, 98
1697540083.021908, 101
1697540083.038959, 100
1697540083.058427, 99
1697540083.078753, 100
1697540083.096040, 100
1697540083.111932, 99
1697540083.128249, 100
1697540083.147416, 100
1697540083.163632, 100
1697540083.183817, 101
1697540083.203922, 100
1697540083.220099, 99
1697540083.237313, 100
1697540083.253988, 98
1697540083.271972, 99
1697540083.288547, 100
1697540083.307043, 99
1697540083.325998, 100
1697540083.340227, 99
1697540083.356133, 99
1697540083.372134, 101
1697540083.387888, 101
1697540083.404685, 100
1697540083.422725, 99
1697540083.441375, 100
1697540083.461271, 100
1697540083.479984, 100
1697540083.498264, 100
1697540083.517120, 101
1697540083.533938, 100
1697540083.549799, 100
1697540083.568242, 102
1697540083.585257, 101
1697540083.602849, 99
1697540083.622069, 100
1697540083.641400, 99
1697540083.659441, 99
1697540083.676002, 100
1697540083.692871, 100
1697540083.712967, 100
1697540083.729952, 101
1697540083.748718, 101
1697540083.767417, 102
1697540083.784513, 101
1697540083.799771, 101
1697540083.816974, 101
1697540083.835394, 102
1697540083.850730, 101
1697540083.867955, 102
1697540083.886034, 101
1697540083.907074, 101
1697540083.923848, 101
1697540083.942280, 102
1697540083.962431, 101
1697540083.979947, 100
1697540083.998439, 100
1697540084.016144, 101
1697540084.035684, 101
1697540084.054543, 102
1697540084.071732, 101
1697540084.086202, 101
1697540084.103857, 103
1697540084.119672, 102
1697540084.136943, 102
1697540084.153759, 103
1697540084.168392, 102
1697540084.190103, 102
1697540084.205855, 103
1697540084.222723, 103
1697540084.241401, 101
1697540084.258991, 100
1697540084.274727, 103
1697540084.294424, 102
1697540084.313130, 103
1697540084.330227, 101
1697540084.347999, 101
1697540084.366756, 101
1697540084.383188, 102
1697540084.401353, 101
1697540084.419759, 101
1697540084.435793, 101
1697540084.451437, 102
1697540084.470289, 102
1697540084.488654, 102
1697540084.506475, 102
1697540084.524882, 102
1697540084.541645, 103
1697540084.556731, 103
1697540084.572225, 102
1697540084.588351, 104
1697540084.607079, 102
1697540084.626509, 102
1697540084.645298, 103
1697540084.662841, 104
1697540084.680146, 102
1697540084.696193, 102
1697540084.714093, 102
1697540084.735252, 101
1697540084.753758, 102
1697540084.773767, 101
1697540084.791682, 102
1697540084.808632, 103
1697540084.825177, 104
1697540084.843534, 102
1697540084.860886, 104
1697540084.878956, 103
1697540084.898272, 102
1697540084.914546, 104
1697540084.934018, 103
1697540084.950557, 103
1697540084.968009, 104
1697540084.984603, 103
1697540085.000742, 103
1697540085.020056, 104
1697540085.039544, 104
1697540085.056623, 104
1697540085.074869, 103
1697540085.091181, 103
1697540085.108321, 103
1697540085.123669, 102
1697540085.143045, 104
1697540085.161500, 103
1697540085.180803, 102
1697540085.197739, 104
1697540085.214891, 103
1697540085.232293, 103
1697540085.251669, 104
1697540085.269147, 104
1697540085.288000, 103
1697540085.305927, 105
1697540085.327703, 104
1697540085.344317, 104
1697540085.362933, 104
1697540085.383094, 104
1697540085.400635, 104
1697540085.415961, 104
1697540085.432513, 104
1697540085.448658, 104
1697540085.469306, 103
1697540085.489198, 103
1697540085.507721, 104
1697540085.523066, 104
1697540085.539865, 104
1697540085.556375, 103
1697540085.571830, 106
1697540085.587700, 106
1697540085.604843, 105
1697540085.620714, 105
1697540085.635814, 106
1697540085.654257, 104
1697540085.674610, 101
1697540085.693831, 105
1697540085.710198, 105
1697540085.730045, 105
1697540085.747927, 105
1697540085.766036, 105
1697540085.785747, 105
1697540085.805871, 105
1697540085.826452, 103
1697540085.847672, 105
1697540085.867868, 104
1697540085.883487, 104
1697540085.902609, 104
1697540085.919755, 103
1697540085.938881, 105
1697540085.957865, 105
1697540085.975451, 105
1697540085.992421, 105
1697540086.011807, 105
1697540086.030570, 104
1697540086.045756, 104
1697540086.061931, 105
1697540086.080483, 106
1697540086.096002, 104
1697540086.113651, 106
1697540086.132085, 106
1697540086.150386, 106
1697540086.168800, 106
1697540086.186864, 106
1697540086.206258, 105
1697540086.227027, 105
1697540086.245672, 105
1697540086.262392, 105
1697540086.279247, 106
1697540086.298553, 105
1697540086.315573, 106
1697540086.333817, 106
1697540086.352777, 107
1697540086.370472, 105
1697540086.386732, 106
1697540086.403577, 106
1697540086.421815, 106
1697540086.436879, 106
1697540086.457028, 106
1697540086.473525, 106
1697540086.491551, 106
1697540086.511704, 106
1697540086.528765, 106
1697540086.549362, 107
1697540086.566957, 106
1697540086.586263, 105
1697540086.603785, 105
1697540086.621631, 105
1697540086.639961, 106
1697540086.658377, 106
1697540086.677409, 108
1697540086.697134, 107
1697540086.715519, 107
1697540086.730943, 107
1697540086.747425, 106
1697540086.765461, 108
1697540086.785708, 107
1697540086.805396, 107
1697540086.823782, 107
1697540086.843462, 108
1697540086.860782, 106
1697540086.880367, 108
1697540086.895288, 107
1697540086.914821, 107
1697540086.933957, 106
1697540086.954356, 106
1697540086.970445, 106
1697540086.987575, 106
1697540087.003755, 106
1697540087.018676, 106
1697540087.037152, 106
1697540087.054733, 107
1697540087.073173, 106
1697540087.089430, 107
1697540087.107796, 108
1697540087.125535, 107
1697540087.144180, 107
1697540087.160640, 108
1697540087.175850, 109
1697540087.192022, 107
1697540087.209632, 109
1697540087.226607, 108
1697540087.247714, 108
1697540087.261976, 108
1697540087.281046, 108
1697540087.299070, 108
1697540087.318115, 108
1697540087.334781, 108
1697540087.352375, 107
1697540087.373037, 107
1697540087.390372, 107
1697540087.409847, 107
1697540087.427608, 107
1697540087.444729, 108
1697540087.461769, 108
1697540087.478715, 108
1697540087.498001, 109
1697540087.515439, 109
1697540087.531487, 109
1697540087.549211, 109
1697540087.570072, 108
1697540087.588723, 109
1697540087.603777, 109
1697540087.622179, 109
1697540087.637346, 110
1697540087.655516, 109
1697540087.673944, 109
1697540087.693366, 109
1697540087.712304, 108
1697540087.730635, 109
1697540087.747176, 108
1697540087.762239, 108
1697540087.779621, 108
1697540087.799491, 108
1697540087.816843, 109
1697540087.834916, 109
1697540087.853388, 109
1697540087.871993, 110
1697540087.889687, 109
1697540087.908778, 109
1697540087.927046, 109
1697540087.944057, 109
1697540087.962712, 110
1697540087.979610, 109
1697540087.995203, 109
1697540088.013225, 110
1697540088.032041, 109
1697540088.050900, 109
1697540088.067249, 110
1697540088.081086, 109
1697540088.098198, 108
1697540088.116854, 107
1697540088.131827, 108
1697540088.149584, 109
1697540088.164982, 108
1697540088.184415, 108
1697540088.203110, 109
1697540088.223857, 109
1697540088.239792, 109
1697540088.255901, 109
1697540088.273512, 110
1697540088.288683, 111
1697540088.309211, 110
1697540088.329487, 110
1697540088.347797, 110
1697540088.363501, 110
1697540088.379566, 110
1697540088.395935, 111
1697540088.412015, 110
1697540088.431290, 110
1697540088.449016, 110
1697540088.467203, 109
1697540088.486399, 109
1697540088.501869, 109
1697540088.518251, 110
1697540088.536021, 110
1697540088.557546, 109
1697540088.575243, 110
1697540088.594041, 110
1697540088.615288, 110
1697540088.632915, 110
1697540088.653133, 111
1697540088.671910, 110
1697540088.692450, 110
1697540088.710262, 110
1697540088.726414, 111
1697540088.746111, 110
1697540088.765008, 110
1697540088.783669, 110
1697540088.802556, 111
1697540088.822093, 111
1697540088.840650, 110
1697540088.858888, 111
1697540088.877515, 110
1697540088.896002, 110
1697540088.910891, 111
1697540088.929086, 109
1697540088.945694, 110
1697540088.965673, 111
1697540088.982978, 111
1697540089.001287, 111
1697540089.019081, 111
1697540089.034421, 111
1697540089.055493, 112
1697540089.074979, 112
1697540089.091961, 111
1697540089.110544, 111
1697540089.126217, 111
1697540089.147738, 112
1697540089.167805, 112
1697540089.186449, 112
1697540089.204343, 112
1697540089.224371, 110
1697540089.242287, 111
1697540089.259246, 110
1697540089.276848, 110
1697540089.292961, 110
1697540089.311646, 111
1697540089.331248, 110
1697540089.350696, 111
1697540089.371392, 112
1697540089.392326, 112
1697540089.406866, 112
1697540089.426831, 112
1697540089.444428, 112
1697540089.461905, 112
1697540089.482038, 111
1697540089.502060, 112
1697540089.521505, 112
1697540089.540813, 111
1697540089.557001, 112
1697540089.573347, 112
1697540089.590785, 112
1697540089.608998, 112
1697540089.629252, 111
1697540089.646363, 111
1697540089.662560, 111
1697540089.679729, 112
1697540089.698994, 112
1697540089.716076, 111
1697540089.734856, 112
1697540089.753359, 113
1697540089.772432, 113
1697540089.792245, 113
1697540089.809527, 113
1697540089.828136, 113
1697540089.847892, 112
1697540089.868403, 112
1697540089.888595, 112
1697540089.907570, 112
1697540089.927963, 112
1697540089.946852, 114
1697540089.964479, 112
1697540089.982382, 113
1697540090.000369, 112
1697540090.019253, 112
1697540090.038580, 112
1697540090.057077, 112
1697540090.075201, 112
1697540090.093497, 112
1697540090.112544, 112
1697540090.132272, 112
1697540090.152682, 113
1697540090.172277, 113
1697540090.189354, 112
1697540090.207869, 113
1697540090.224572, 113
1697540090.241146, 114
1697540090.256882, 114
1697540090.275424, 113
1697540090.293827, 113
1697540090.309498, 114
1697540090.324817, 112
1697540090.340688, 113
1697540090.359527, 114
1697540090.377630, 115
1697540090.395984, 113
1697540090.417030, 114
1697540090.433053, 113
1697540090.451837, 114
1697540090.468731, 113
1697540090.487038, 113
1697540090.504458, 114
1697540090.521888, 114
1697540090.540317, 113
1697540090.559228, 115
1697540090.575885, 115
1697540090.591836, 115
1697540090.609108, 115
1697540090.628177, 115
1697540090.647896, 114
1697540090.665169, 114
1697540090.681717, 114
1697540090.700644, 114
1697540090.714823, 115
1697540090.731600, 114
1697540090.746733, 115
1697540090.763759, 114
1697540090.784284, 114
1697540090.801213, 113
1697540090.816805, 113
1697540090.833933, 113
1697540090.850517, 114
1697540090.870524, 113
1697540090.884914, 113
1697540090.905009, 113
1697540090.923026, 114
1697540090.940389, 114
1697540090.960450, 114
1697540090.977956, 114
1697540090.997679, 114
