1697539973.313891, 0
1697539973.335414, 1
1697539973.354863, 0
1697539973.371062, 7
1697539973.389219, 6
1697539973.410643, 4
1697539973.430077, 12
1697539973.448253, 16
1697539973.466420, 19
1697539973.481501, 22
1697539973.496951, 28
1697539973.516201, 34
1697539973.536916, 39
1697539973.554366, 41
1697539973.571316, 46
1697539973.590097, 51
1697539973.607466, 55
1697539973.623057, 61
1697539973.639618, 65
1697539973.659919, 72
1697539973.679018, 78
1697539973.698265, 82
1697539973.717536, 88
1697539973.733079, 92
1697539973.748709, 95
1697539973.763349, 100
1697539973.780247, 99
1697539973.795405, 99
1697539973.812151, 100
1697539973.827617, 99
1697539973.844363, 99
1697539973.863315, 99
1697539973.883461, 99
1697539973.903285, 100
1697539973.922317, 99
1697539973.942240, 99
1697539973.960240, 100
1697539973.979115, 99
1697539973.996779, 99
1697539974.014353, 99
1697539974.032927, 99
1697539974.052284, 99
1697539974.070341, 100
1697539974.089723, 99
1697539974.108834, 100
1697539974.128961, 100
1697539974.148148, 100
1697539974.166441, 99
1697539974.186099, 99
1697539974.205503, 99
1697539974.225860, 99
1697539974.243553, 99
1697539974.261340, 99
1697539974.278044, 99
1697539974.296570, 99
1697539974.314491, 99
1697539974.333701, 99
1697539974.352754, 99
1697539974.372119, 99
1697539974.388489, 99
1697539974.407300, 99
1697539974.424485, 100
1697539974.438993, 100
1697539974.456923, 100
1697539974.472968, 99
1697539974.488501, 99
1697539974.503765, 99
1697539974.522462, 100
1697539974.540166, 99
1697539974.557168, 100
1697539974.574536, 99
1697539974.590727, 100
1697539974.608111, 99
1697539974.627684, 99
1697539974.644978, 95
1697539974.662741, 93
1697539974.678272, 95
1697539974.696500, 96
1697539974.715927, 98
1697539974.733399, 99
1697539974.752527, 100
1697539974.772716, 100
1697539974.792679, 99
1697539974.810086, 99
1697539974.830885, 99
1697539974.847565, 97
1697539974.866400, 100
1697539974.882954, 98
1697539974.899842, 99
1697539974.916914, 98
1697539974.933766, 99
1697539974.951625, 99
1697539974.970670, 95
1697539974.989421, 95
1697539975.005746, 100
1697539975.022414, 98
1697539975.042252, 96
1697539975.059709, 95
1697539975.076068, 97
1697539975.093468, 97
1697539975.110186, 97
1697539975.126878, 94
1697539975.143961, 96
1697539975.160816, 96
1697539975.175586, 100
1697539975.193179, 98
1697539975.207669, 94
1697539975.223005, 97
1697539975.238295, 96
1697539975.253640, 95
1697539975.268096, 96
1697539975.284902, 94
1697539975.302902, 95
1697539975.318549, 95
1697539975.333780, 96
1697539975.350273, 93
1697539975.369140, 92
1697539975.384573, 90
1697539975.403372, 93
1697539975.422360, 89
1697539975.441532, 86
1697539975.459310, 82
1697539975.479966, 82
1697539975.496876, 84
1697539975.516095, 83
1697539975.534635, 82
1697539975.552520, 83
1697539975.570213, 82
1697539975.589883, 84
1697539975.611176, 82
1697539975.629272, 80
1697539975.645540, 78
1697539975.662344, 77
1697539975.683299, 77
1697539975.703690, 77
1697539975.724099, 76
1697539975.743464, 75
1697539975.762140, 72
1697539975.777245, 74
1697539975.795644, 73
1697539975.814542, 74
1697539975.834062, 73
1697539975.852673, 73
1697539975.872202, 74
1697539975.890411, 74
1697539975.908285, 73
1697539975.927497, 74
1697539975.945729, 72
1697539975.963490, 73
1697539975.983030, 72
1697539976.000360, 73
1697539976.020573, 74
1697539976.039193, 73
1697539976.058336, 75
1697539976.076440, 74
1697539976.096361, 74
1697539976.116553, 75
1697539976.136897, 74
1697539976.154075, 74
1697539976.171985, 74
1697539976.188646, 75
1697539976.207002, 75
1697539976.222179, 75
1697539976.238979, 73
1697539976.257801, 74
1697539976.274801, 73
1697539976.293691, 73
1697539976.311625, 74
1697539976.329713, 74
1697539976.346360, 75
1697539976.360886, 76
1697539976.375880, 75
1697539976.394163, 75
1697539976.410469, 75
1697539976.430736, 75
1697539976.451564, 75
1697539976.467866, 75
1697539976.483450, 74
1697539976.501350, 75
1697539976.519309, 75
1697539976.535563, 74
1697539976.552745, 74
1697539976.571283, 75
1697539976.590363, 75
1697539976.606730, 74
1697539976.623741, 75
1697539976.643296, 75
1697539976.662331, 76
1697539976.683719, 77
1697539976.700717, 76
1697539976.720726, 75
1697539976.736885, 76
1697539976.751251, 76
1697539976.767714, 77
1697539976.786008, 76
1697539976.803406, 76
1697539976.820109, 77
1697539976.839431, 75
1697539976.858875, 76
1697539976.877608, 75
1697539976.896628, 75
1697539976.915529, 74
1697539976.934725, 75
1697539976.953266, 76
1697539976.969683, 76
1697539976.987624, 77
1697539977.006531, 77
1697539977.027470, 77
1697539977.046888, 76
1697539977.065415, 77
1697539977.083728, 77
1697539977.100908, 76
1697539977.120523, 77
1697539977.137967, 77
1697539977.154535, 77
1697539977.175110, 76
1697539977.195569, 75
1697539977.215731, 76
1697539977.233677, 76
1697539977.252477, 75
1697539977.269835, 78
1697539977.286412, 77
1697539977.306531, 76
1697539977.324242, 77
1697539977.338318, 78
1697539977.358908, 77
1697539977.374746, 78
1697539977.389441, 79
1697539977.406838, 78
1697539977.423611, 77
1697539977.438995, 79
1697539977.454200, 77
1697539977.469558, 77
1697539977.484031, 77
1697539977.501326, 78
1697539977.517853, 77
1697539977.536016, 77
1697539977.555509, 77
1697539977.570185, 77
1697539977.587842, 78
1697539977.604830, 78
1697539977.622525, 78
1697539977.641307, 79
1697539977.656131, 79
1697539977.672132, 79
1697539977.688361, 78
1697539977.704292, 78
1697539977.718699, 79
1697539977.737164, 79
1697539977.753689, 78
1697539977.769922, 79
1697539977.788637, 78
1697539977.806392, 77
1697539977.826167, 78
1697539977.840276, 78
1697539977.859706, 78
1697539977.876568, 78
1697539977.894730, 79
1697539977.914776, 78
1697539977.934452, 78
1697539977.953565, 79
1697539977.970058, 80
1697539977.987558, 80
1697539978.005028, 79
1697539978.020221, 80
1697539978.034182, 80
1697539978.052046, 79
1697539978.070686, 78
1697539978.086672, 79
1697539978.106181, 78
1697539978.123166, 78
1697539978.139379, 78
1697539978.153970, 80
1697539978.168076, 79
1697539978.183342, 78
1697539978.199603, 80
1697539978.220181, 81
1697539978.234733, 80
1697539978.249238, 80
1697539978.266275, 80
1697539978.281427, 80
1697539978.299152, 80
1697539978.316822, 81
1697539978.331180, 80
1697539978.346627, 80
1697539978.366415, 81
1697539978.381747, 79
1697539978.400641, 80
1697539978.419044, 79
1697539978.439414, 79
1697539978.455995, 79
1697539978.474934, 79
1697539978.491197, 80
1697539978.507601, 80
1697539978.523663, 82
1697539978.542880, 83
1697539978.559987, 82
1697539978.575081, 82
1697539978.594465, 83
1697539978.611733, 81
1697539978.630757, 82
1697539978.646740, 83
1697539978.663365, 82
1697539978.679133, 81
1697539978.695679, 80
1697539978.712089, 80
1697539978.731060, 79
1697539978.749827, 80
1697539978.768898, 80
1697539978.788060, 81
1697539978.804561, 80
1697539978.821013, 81
1697539978.840862, 81
1697539978.858428, 82
1697539978.876177, 81
1697539978.892547, 82
1697539978.909794, 81
1697539978.927178, 81
1697539978.948309, 81
1697539978.968399, 83
1697539978.986229, 81
1697539979.004579, 82
1697539979.023765, 81
1697539979.042875, 81
1697539979.062788, 82
1697539979.082930, 82
1697539979.102571, 81
1697539979.121944, 82
1697539979.142607, 83
1697539979.161382, 82
1697539979.180875, 83
1697539979.200860, 82
1697539979.219043, 82
1697539979.235730, 83
1697539979.254096, 82
1697539979.270135, 84
1697539979.288400, 84
1697539979.306107, 84
1697539979.324217, 82
1697539979.341725, 82
1697539979.360912, 84
1697539979.377550, 82
1697539979.397153, 84
1697539979.414804, 84
1697539979.435105, 83
1697539979.454037, 83
1697539979.468488, 84
1697539979.483393, 83
1697539979.501077, 83
1697539979.515576, 84
1697539979.533614, 83
1697539979.554572, 84
1697539979.574459, 83
1697539979.591716, 83
1697539979.611767, 83
1697539979.628489, 83
1697539979.648638, 82
1697539979.663425, 83
1697539979.682749, 82
1697539979.703330, 81
1697539979.718865, 83
1697539979.737513, 83
1697539979.757352, 82
1697539979.777863, 83
1697539979.795374, 85
1697539979.814437, 83
1697539979.832650, 84
1697539979.852247, 85
1697539979.868520, 84
1697539979.882302, 84
1697539979.898692, 84
1697539979.915713, 84
1697539979.935199, 83
1697539979.954526, 83
1697539979.968773, 82
1697539979.984238, 82
1697539979.999247, 83
1697539980.017996, 83
1697539980.038378, 83
1697539980.057708, 84
1697539980.076658, 82
1697539980.092555, 83
1697539980.107694, 85
1697539980.123919, 84
1697539980.141987, 84
1697539980.159803, 85
1697539980.178907, 85
1697539980.196987, 84
1697539980.215106, 86
1697539980.231911, 86
1697539980.247057, 85
1697539980.267794, 86
1697539980.287406, 84
1697539980.302490, 84
1697539980.317279, 84
1697539980.333111, 84
1697539980.351971, 84
1697539980.372495, 85
1697539980.393185, 84
1697539980.409374, 85
1697539980.424561, 85
1697539980.444569, 86
1697539980.462481, 85
1697539980.481765, 85
1697539980.499051, 86
1697539980.515799, 85
1697539980.533614, 86
1697539980.554444, 85
1697539980.573075, 84
1697539980.592507, 85
1697539980.611956, 84
1697539980.626612, 84
1697539980.645511, 85
1697539980.665598, 85
1697539980.685071, 85
1697539980.704961, 85
1697539980.719692, 85
1697539980.736018, 86
1697539980.752797, 87
1697539980.771575, 87
1697539980.791713, 86
1697539980.812038, 86
1697539980.830335, 86
1697539980.848549, 86
1697539980.867953, 87
1697539980.883924, 87
1697539980.900970, 86
1697539980.919094, 86
1697539980.938561, 85
1697539980.957112, 85
1697539980.977218, 85
1697539980.995691, 85
1697539981.015943, 86
1697539981.037977, 85
1697539981.057072, 86
1697539981.075403, 86
1697539981.094468, 88
1697539981.111777, 87
1697539981.129114, 87
1697539981.147217, 87
1697539981.167861, 86
1697539981.190066, 87
1697539981.208178, 87
1697539981.223488, 88
1697539981.238992, 86
1697539981.256545, 88
1697539981.273133, 86
1697539981.290859, 85
1697539981.311869, 87
1697539981.331630, 87
1697539981.348844, 87
1697539981.363770, 86
1697539981.380635, 88
1697539981.402140, 87
1697539981.417544, 87
1697539981.435701, 88
1697539981.453516, 88
1697539981.471088, 88
1697539981.488714, 88
1697539981.505409, 87
1697539981.523148, 87
1697539981.541608, 88
1697539981.558521, 88
1697539981.576981, 89
1697539981.596314, 88
1697539981.615477, 87
1697539981.631923, 88
1697539981.652336, 88
1697539981.670048, 86
1697539981.688472, 88
1697539981.709252, 87
1697539981.728818, 87
1697539981.747804, 88
1697539981.762939, 88
1697539981.782660, 89
1697539981.802410, 88
1697539981.819529, 88
1697539981.837454, 89
1697539981.854877, 87
1697539981.874330, 89
1697539981.890158, 89
1697539981.905817, 88
1697539981.925996, 87
1697539981.946476, 87
1697539981.966898, 88
1697539981.987234, 89
1697539982.005947, 88
1697539982.026512, 88
1697539982.045053, 88
1697539982.063527, 89
1697539982.082803, 89
1697539982.102297, 90
1697539982.122386, 90
1697539982.141197, 89
1697539982.160044, 89
1697539982.181179, 89
1697539982.199796, 90
1697539982.216782, 90
1697539982.237473, 89
1697539982.255404, 88
1697539982.273500, 89
1697539982.292859, 89
1697539982.312612, 89
1697539982.331511, 88
1697539982.351029, 88
1697539982.370269, 88
1697539982.390483, 90
1697539982.408784, 90
1697539982.430347, 88
1697539982.447452, 90
1697539982.467658, 91
1697539982.486537, 89
1697539982.504123, 91
1697539982.522771, 90
1697539982.542696, 90
1697539982.560892, 91
1697539982.577458, 90
1697539982.597681, 90
1697539982.613049, 90
1697539982.626871, 90
1697539982.645917, 89
1697539982.665400, 89
1697539982.685283, 90
1697539982.705157, 90
1697539982.723793, 90
1697539982.742161, 90
1697539982.763352, 91
1697539982.779660, 90
1697539982.798755, 91
1697539982.819023, 90
1697539982.838754, 91
1697539982.859858, 90
1697539982.877240, 91
1697539982.896849, 92
1697539982.913333, 91
1697539982.930232, 90
1697539982.947212, 91
1697539982.963685, 90
1697539982.978892, 90
1697539982.995874, 91
1697539983.011671, 90
1697539983.029523, 91
1697539983.048295, 91
1697539983.067596, 91
1697539983.086081, 91
1697539983.105728, 91
1697539983.124113, 92
1697539983.141257, 92
1697539983.158199, 91
1697539983.177308, 91
1697539983.197103, 92
1697539983.217776, 91
1697539983.238004, 91
1697539983.258986, 92
1697539983.276628, 91
1697539983.295674, 90
1697539983.313647, 90
1697539983.331420, 90
1697539983.346966, 91
1697539983.362046, 91
1697539983.379665, 92
1697539983.400414, 93
1697539983.417366, 92
1697539983.434623, 93
1697539983.449291, 92
1697539983.465508, 92
1697539983.485062, 92
1697539983.505484, 93
1697539983.520020, 91
1697539983.537652, 92
1697539983.557118, 92
1697539983.576419, 92
1697539983.593126, 93
1697539983.611291, 92
1697539983.629472, 92
1697539983.648299, 92
1697539983.667076, 92
1697539983.686791, 92
1697539983.704336, 91
1697539983.720733, 91
1697539983.740382, 93
1697539983.761091, 93
1697539983.780999, 92
1697539983.799676, 93
1697539983.818885, 93
1697539983.836524, 94
1697539983.853118, 93
1697539983.871826, 94
1697539983.887545, 94
1697539983.905135, 93
1697539983.920984, 93
1697539983.936939, 94
1697539983.954328, 92
1697539983.971466, 92
1697539983.988137, 92
1697539984.003613, 93
1697539984.019606, 92
1697539984.034188, 93
1697539984.049289, 93
1697539984.068074, 93
1697539984.084460, 94
1697539984.100454, 93
1697539984.119668, 94
1697539984.136696, 93
1697539984.155171, 93
1697539984.174971, 94
1697539984.192992, 93
1697539984.211379, 93
1697539984.226428, 94
1697539984.245104, 93
1697539984.263716, 94
1697539984.282807, 94
1697539984.300161, 94
1697539984.317017, 94
1697539984.334925, 93
1697539984.352416, 94
1697539984.370407, 94
1697539984.391667, 93
1697539984.407925, 94
1697539984.423257, 94
1697539984.439760, 94
1697539984.456667, 94
1697539984.471319, 95
1697539984.486184, 95
1697539984.504852, 94
1697539984.523583, 94
1697539984.538383, 95
1697539984.555940, 95
1697539984.569819, 95
1697539984.588289, 94
1697539984.606130, 96
1697539984.622976, 94
1697539984.641595, 94
1697539984.659471, 94
1697539984.677978, 94
1697539984.696675, 94
1697539984.716213, 94
1697539984.735461, 93
1697539984.754781, 93
1697539984.772085, 95
1697539984.787578, 96
1697539984.807400, 95
1697539984.824039, 96
1697539984.839565, 94
1697539984.856569, 95
1697539984.872780, 96
1697539984.891920, 94
1697539984.907633, 95
1697539984.925378, 96
1697539984.943682, 95
1697539984.962403, 96
1697539984.982840, 95
1697539985.001687, 94
1697539985.018099, 95
1697539985.035516, 94
1697539985.051759, 95
1697539985.069596, 95
1697539985.085877, 94
1697539985.103512, 95
1697539985.120885, 96
1697539985.138158, 95
1697539985.158007, 96
1697539985.175439, 95
1697539985.193481, 96
1697539985.209334, 96
1697539985.229263, 95
1697539985.249354, 96
1697539985.267043, 96
1697539985.284352, 97
1697539985.301051, 97
1697539985.318697, 96
1697539985.336514, 97
1697539985.353891, 95
1697539985.374092, 94
1697539985.394055, 95
1697539985.411034, 95
1697539985.432076, 95
1697539985.452887, 96
1697539985.472348, 97
1697539985.489305, 96
1697539985.505875, 96
1697539985.522745, 97
1697539985.537567, 98
1697539985.555675, 96
1697539985.576497, 97
1697539985.593039, 97
1697539985.607991, 97
1697539985.627644, 97
1697539985.646828, 97
1697539985.667341, 96
1697539985.684323, 96
1697539985.704206, 97
1697539985.721857, 95
1697539985.741009, 97
1697539985.757185, 97
1697539985.774193, 96
1697539985.792026, 97
1697539985.811129, 96
1697539985.830740, 98
1697539985.847569, 98
1697539985.865856, 96
1697539985.887896, 98
1697539985.906850, 98
1697539985.927743, 97
1697539985.943237, 97
1697539985.959426, 98
1697539985.976222, 97
1697539985.993032, 97
1697539986.013596, 98
1697539986.031454, 99
1697539986.048283, 97
1697539986.067537, 96
1697539986.087840, 97
1697539986.106554, 97
1697539986.126811, 98
1697539986.146177, 97
1697539986.165081, 96
1697539986.183352, 99
1697539986.201996, 98
1697539986.221225, 98
1697539986.240464, 98
1697539986.257557, 98
1697539986.277892, 99
1697539986.298240, 98
1697539986.315440, 98
1697539986.332315, 98
1697539986.350915, 97
1697539986.366839, 99
1697539986.382464, 98
1697539986.397761, 98
1697539986.414467, 97
1697539986.431830, 97
1697539986.445802, 98
1697539986.463139, 97
1697539986.483176, 97
1697539986.500782, 97
1697539986.519011, 98
1697539986.541254, 99
1697539986.562103, 99
1697539986.583041, 100
1697539986.603925, 98
1697539986.624354, 100
1697539986.644393, 99
1697539986.664985, 99
1697539986.684875, 100
1697539986.705609, 98
1697539986.721879, 98
1697539986.742714, 100
1697539986.757658, 99
1697539986.776576, 98
1697539986.794068, 99
1697539986.810143, 99
1697539986.831128, 98
1697539986.851448, 98
1697539986.870152, 97
1697539986.892669, 99
1697539986.912550, 100
1697539986.928020, 99
1697539986.945577, 99
1697539986.961947, 99
1697539986.977179, 98
1697539986.994563, 100
1697539987.014184, 100
1697539987.032482, 99
1697539987.050462, 99
1697539987.071144, 99
1697539987.089967, 99
1697539987.110036, 98
1697539987.128690, 98
1697539987.146057, 98
1697539987.163142, 97
1697539987.178338, 98
1697539987.194455, 98
1697539987.214419, 98
1697539987.230296, 99
1697539987.250627, 99
1697539987.268478, 99
1697539987.286008, 99
1697539987.305461, 98
1697539987.323493, 99
1697539987.342459, 99
1697539987.359447, 98
1697539987.374468, 98
1697539987.392873, 98
1697539987.411809, 98
1697539987.429739, 97
1697539987.444172, 98
1697539987.463815, 98
1697539987.478094, 97
1697539987.492373, 95
1697539987.512253, 87
1697539987.531507, 80
1697539987.550624, 72
1697539987.568254, 65
1697539987.584236, 59
1697539987.599762, 52
1697539987.619598, 48
1697539987.639974, 48
1697539987.658015, 48
1697539987.677785, 48
1697539987.697377, 47
1697539987.714320, 47
1697539987.732079, 49
1697539987.748419, 48
1697539987.767087, 48
1697539987.782344, 49
1697539987.797685, 48
1697539987.818189, 48
1697539987.832753, 48
1697539987.847153, 48
1697539987.864699, 48
1697539987.881476, 49
1697539987.898013, 49
1697539987.913377, 48
1697539987.931741, 48
1697539987.947844, 49
1697539987.963551, 48
1697539987.982430, 48
1697539987.998489, 47
1697539988.013338, 47
1697539988.032694, 48
1697539988.049067, 49
1697539988.066059, 48
1697539988.080667, 50
1697539988.096389, 49
1697539988.111722, 49
1697539988.126084, 49
1697539988.140661, 49
1697539988.159194, 51
1697539988.176720, 50
1697539988.191314, 49
1697539988.210569, 49
1697539988.230189, 47
1697539988.248441, 48
1697539988.267875, 49
1697539988.281662, 49
1697539988.298927, 49
1697539988.315506, 51
1697539988.334702, 50
1697539988.350406, 50
1697539988.367106, 50
1697539988.382898, 51
1697539988.397806, 50
1697539988.417491, 50
1697539988.435123, 50
1697539988.453768, 50
1697539988.468941, 49
1697539988.483834, 49
1697539988.498666, 50
1697539988.513767, 50
1697539988.529644, 49
1697539988.543897, 51
1697539988.562423, 50
1697539988.581323, 52
1697539988.603024, 51
1697539988.623565, 52
1697539988.638230, 52
1697539988.653063, 51
1697539988.670685, 50
1697539988.686927, 49
1697539988.707622, 53
1697539988.726011, 52
1697539988.743655, 51
1697539988.765119, 53
1697539988.781613, 53
1697539988.798542, 53
1697539988.817688, 53
1697539988.832377, 53
1697539988.851377, 52
1697539988.866207, 53
1697539988.882200, 52
1697539988.898387, 53
1697539988.918639, 51
1697539988.938329, 51
1697539988.953129, 52
1697539988.970827, 53
1697539988.990765, 52
1697539989.007149, 51
1697539989.021914, 51
1697539989.038077, 54
1697539989.057415, 52
1697539989.076506, 52
1697539989.090693, 53
1697539989.108631, 53
1697539989.127420, 53
1697539989.145621, 54
1697539989.164560, 51
1697539989.183552, 52
1697539989.203362, 53
1697539989.221944, 53
1697539989.242306, 54
1697539989.259402, 53
1697539989.277906, 52
1697539989.295085, 54
1697539989.315441, 54
1697539989.336263, 53
1697539989.354941, 55
1697539989.374147, 53
1697539989.388900, 55
1697539989.404646, 54
1697539989.423358, 53
1697539989.441898, 54
1697539989.461579, 53
1697539989.475313, 54
1697539989.493481, 54
1697539989.511126, 53
1697539989.533139, 54
1697539989.552579, 55
1697539989.568783, 56
1697539989.586576, 56
1697539989.602713, 54
1697539989.617540, 54
1697539989.636913, 56
1697539989.657722, 55
1697539989.672184, 55
1697539989.692130, 54
1697539989.711206, 55
1697539989.729887, 55
1697539989.749936, 54
1697539989.766971, 54
1697539989.785742, 55
1697539989.804919, 56
1697539989.821229, 55
1697539989.839704, 57
1697539989.855860, 56
1697539989.876357, 56
1697539989.893807, 58
1697539989.914619, 57
1697539989.932887, 55
1697539989.952096, 56
1697539989.969716, 54
1697539989.988995, 55
1697539990.006441, 55
1697539990.026802, 54
1697539990.044796, 56
1697539990.063539, 57
1697539990.082720, 56
1697539990.098689, 56
1697539990.117321, 58
1697539990.135673, 57
1697539990.154624, 57
1697539990.173561, 58
1697539990.190785, 56
1697539990.207673, 56
1697539990.227488, 57
1697539990.247023, 56
1697539990.264096, 57
1697539990.282323, 56
1697539990.299940, 56
1697539990.317065, 58
1697539990.336045, 57
1697539990.352932, 57
1697539990.371131, 58
1697539990.389594, 57
1697539990.407296, 57
1697539990.426159, 58
1697539990.444342, 57
1697539990.458544, 57
1697539990.475950, 57
1697539990.493713, 57
1697539990.510740, 57
1697539990.528185, 57
1697539990.544939, 57
1697539990.567006, 59
1697539990.583529, 58
1697539990.599497, 59
1697539990.613960, 58
1697539990.630122, 58
1697539990.647886, 58
1697539990.668239, 58
1697539990.682986, 58
1697539990.697915, 59
1697539990.713373, 58
1697539990.731053, 58
1697539990.750535, 58
1697539990.766181, 58
1697539990.780924, 59
1697539990.796800, 58
1697539990.814074, 58
1697539990.836352, 60
1697539990.854343, 59
1697539990.869880, 59
1697539990.884704, 59
1697539990.898850, 59
1697539990.915840, 60
1697539990.933514, 60
1697539990.952274, 59
1697539990.969462, 59
1697539990.987080, 58
1697539991.004533, 59
1697539991.022328, 58
1697539991.036487, 60
1697539991.052134, 59
1697539991.068511, 58
1697539991.086483, 61
1697539991.104587, 60
1697539991.121086, 59
1697539991.140711, 60
1697539991.160757, 60
1697539991.180208, 60
1697539991.197991, 60
1697539991.217546, 60
1697539991.231979, 60
1697539991.249530, 60
1697539991.268756, 59
1697539991.284107, 60
1697539991.302151, 60
1697539991.320385, 59
1697539991.338323, 60
1697539991.355038, 62
1697539991.370209, 61
1697539991.390389, 60
1697539991.411274, 61
1697539991.429203, 61
1697539991.448883, 61
1697539991.466955, 61
1697539991.486103, 61
1697539991.502436, 60
1697539991.519679, 60
1697539991.538468, 60
1697539991.558948, 59
1697539991.577383, 60
1697539991.596732, 60
1697539991.617931, 61
1697539991.638300, 62
1697539991.657145, 63
1697539991.676735, 63
1697539991.694606, 62
1697539991.715050, 63
1697539991.734803, 62
1697539991.752770, 62
1697539991.775129, 61
1697539991.793973, 61
1697539991.812466, 62
1697539991.828936, 61
1697539991.845905, 61
1697539991.867135, 61
1697539991.884485, 62
1697539991.904649, 62
1697539991.922899, 62
1697539991.942225, 62
1697539991.959741, 63
1697539991.978032, 64
1697539991.995928, 63
1697539992.012703, 63
1697539992.032819, 63
1697539992.054084, 62
1697539992.073443, 62
1697539992.093241, 62
1697539992.108439, 62
1697539992.126465, 63
1697539992.146245, 63
1697539992.165779, 63
1697539992.185441, 64
1697539992.202815, 62
1697539992.220811, 64
1697539992.236079, 63
1697539992.255647, 64
1697539992.272319, 65
1697539992.290552, 63
1697539992.308601, 64
1697539992.329394, 63
1697539992.344929, 64
1697539992.363138, 64
1697539992.378130, 64
1697539992.396050, 65
1697539992.414498, 65
1697539992.432725, 65
1697539992.450694, 65
1697539992.470424, 65
1697539992.489452, 65
1697539992.510346, 65
1697539992.529411, 65
1697539992.547453, 65
1697539992.567338, 64
1697539992.585616, 64
1697539992.605099, 63
1697539992.623523, 64
1697539992.642388, 63
1697539992.659803, 65
1697539992.678653, 64
1697539992.697668, 64
1697539992.718130, 65
1697539992.737795, 66
1697539992.755824, 65
1697539992.775705, 65
1697539992.796871, 65
1697539992.812237, 66
1697539992.832979, 65
1697539992.846894, 65
1697539992.863484, 64
1697539992.880434, 64
1697539992.896548, 64
1697539992.916810, 64
1697539992.934291, 65
1697539992.954367, 64
1697539992.970274, 64
1697539992.987640, 65
1697539993.002910, 67
1697539993.021117, 67
1697539993.035679, 66
1697539993.055225, 67
1697539993.075629, 66
1697539993.094100, 67
1697539993.113174, 66
1697539993.134076, 65
1697539993.151786, 66
1697539993.172592, 66
1697539993.192065, 66
1697539993.212341, 66
1697539993.230478, 66
1697539993.251446, 66
1697539993.270642, 67
1697539993.291727, 66
1697539993.309477, 67
1697539993.329223, 68
1697539993.343676, 68
1697539993.363018, 67
1697539993.380344, 68
1697539993.398126, 68
1697539993.417166, 66
1697539993.435118, 67
1697539993.455044, 66
1697539993.475388, 65
1697539993.492767, 66
1697539993.511124, 67
1697539993.528287, 67
1697539993.545299, 68
1697539993.560729, 68
1697539993.581077, 69
1697539993.598897, 67
1697539993.618418, 67
1697539993.636155, 68
1697539993.651688, 68
1697539993.670759, 68
1697539993.689737, 68
1697539993.709201, 68
1697539993.726839, 68
1697539993.744242, 67
1697539993.758771, 67
1697539993.775689, 67
1697539993.793139, 67
1697539993.811406, 67
1697539993.829387, 68
1697539993.847328, 69
1697539993.866504, 68
1697539993.887417, 68
1697539993.904597, 68
1697539993.923916, 69
1697539993.940729, 69
1697539993.959659, 69
1697539993.977949, 68
1697539993.996212, 67
1697539994.015408, 68
1697539994.034591, 69
1697539994.051856, 69
1697539994.066166, 68
1697539994.083701, 68
1697539994.101190, 68
1697539994.120063, 68
1697539994.136965, 70
1697539994.155125, 69
1697539994.175412, 69
1697539994.192407, 69
1697539994.208340, 69
1697539994.225594, 70
1697539994.243588, 70
1697539994.259158, 70
1697539994.278626, 70
1697539994.296973, 68
1697539994.315412, 68
1697539994.334177, 70
1697539994.350541, 68
1697539994.371379, 69
1697539994.389756, 69
1697539994.409150, 71
1697539994.426508, 70
1697539994.446252, 70
1697539994.467958, 71
1697539994.484381, 71
1697539994.500308, 71
1697539994.515095, 70
1697539994.531799, 70
1697539994.550566, 70
1697539994.569018, 70
1697539994.585891, 70
1697539994.604523, 69
1697539994.624941, 70
1697539994.641577, 69
1697539994.657929, 70
1697539994.673569, 70
1697539994.688584, 71
1697539994.708017, 70
1697539994.726576, 71
1697539994.741412, 70
1697539994.757023, 72
1697539994.772841, 72
1697539994.790189, 70
1697539994.806498, 71
1697539994.826118, 71
1697539994.842682, 72
1697539994.862937, 70
1697539994.882883, 71
1697539994.898454, 70
1697539994.918088, 71
1697539994.936057, 71
1697539994.958566, 71
1697539994.980989, 72
1697539995.000443, 70
1697539995.018114, 72
1697539995.035542, 72
1697539995.055736, 72
1697539995.077718, 71
1697539995.096369, 73
1697539995.118687, 72
1697539995.138720, 72
1697539995.160239, 71
1697539995.181733, 71
1697539995.200693, 71
1697539995.222726, 71
1697539995.242880, 71
1697539995.264186, 71
1697539995.284890, 71
1697539995.304629, 73
1697539995.322226, 73
1697539995.345661, 72
1697539995.366437, 74
1697539995.388861, 73
1697539995.405183, 73
1697539995.423896, 72
1697539995.442221, 72
1697539995.462171, 71
1697539995.482657, 73
1697539995.503349, 73
1697539995.523623, 73
1697539995.543431, 72
1697539995.565451, 72
1697539995.586018, 73
1697539995.608086, 73
1697539995.627556, 73
1697539995.645721, 73
1697539995.664268, 73
1697539995.683696, 74
1697539995.701437, 74
1697539995.717041, 74
1697539995.734265, 73
1697539995.752053, 72
1697539995.767003, 72
1697539995.784142, 73
1697539995.800544, 72
1697539995.816151, 74
1697539995.832467, 72
1697539995.849872, 72
1697539995.863789, 73
1697539995.879088, 74
1697539995.897079, 74
1697539995.915638, 74
1697539995.933616, 74
1697539995.950935, 74
1697539995.970391, 74
1697539995.990673, 74
1697539996.008544, 74
1697539996.024865, 73
1697539996.039635, 74
1697539996.055155, 74
1697539996.071712, 73
1697539996.088733, 75
1697539996.105955, 73
1697539996.122441, 74
1697539996.139468, 75
1697539996.157082, 74
1697539996.172945, 75
1697539996.190058, 75
1697539996.207303, 75
1697539996.223861, 74
1697539996.241352, 75
1697539996.258946, 75
1697539996.274782, 75
1697539996.294587, 75
1697539996.311483, 75
1697539996.331796, 75
1697539996.351548, 74
1697539996.371976, 74
1697539996.390116, 74
1697539996.406229, 74
1697539996.423520, 74
1697539996.441545, 74
1697539996.458514, 76
1697539996.477071, 77
1697539996.498091, 75
1697539996.518032, 77
1697539996.533587, 76
1697539996.553075, 76
1697539996.569491, 76
1697539996.585497, 76
1697539996.603116, 76
1697539996.621266, 76
1697539996.639935, 76
1697539996.659513, 75
1697539996.679305, 76
1697539996.697353, 75
1697539996.717546, 74
1697539996.737661, 75
1697539996.756428, 74
1697539996.775875, 77
1697539996.794278, 76
1697539996.810519, 76
1697539996.829001, 76
1697539996.849185, 76
1697539996.870844, 76
1697539996.890094, 78
1697539996.908565, 77
1697539996.928700, 76
1697539996.946956, 78
1697539996.964521, 77
1697539996.978716, 76
1697539996.995713, 75
1697539997.013768, 77
1697539997.029214, 76
1697539997.048734, 77
1697539997.068884, 76
1697539997.086110, 76
1697539997.102984, 78
1697539997.121807, 77
1697539997.139687, 76
1697539997.157738, 78
1697539997.174357, 77
1697539997.195798, 78
1697539997.213059, 77
1697539997.232170, 78
1697539997.249287, 78
1697539997.268119, 78
1697539997.287120, 77
1697539997.304280, 76
1697539997.324630, 78
1697539997.345414, 77
1697539997.363739, 76
1697539997.381637, 79
1697539997.400788, 77
1697539997.417836, 76
1697539997.435810, 78
1697539997.454129, 78
1697539997.473211, 79
1697539997.492644, 79
1697539997.510609, 79
1697539997.527138, 79
1697539997.546544, 78
1697539997.566129, 77
1697539997.584593, 77
1697539997.599097, 78
1697539997.618454, 77
1697539997.639237, 78
1697539997.656033, 79
1697539997.671597, 77
1697539997.691332, 78
1697539997.708222, 79
1697539997.727920, 80
1697539997.743916, 78
1697539997.763010, 80
1697539997.781106, 79
1697539997.796142, 78
1697539997.811575, 78
1697539997.827580, 80
1697539997.848332, 79
1697539997.867702, 79
1697539997.884253, 78
1697539997.901334, 78
1697539997.917303, 79
1697539997.932467, 78
1697539997.951034, 77
1697539997.968555, 78
1697539997.986670, 78
1697539998.007714, 78
1697539998.025023, 79
1697539998.042592, 80
1697539998.060575, 80
1697539998.076527, 79
1697539998.092169, 81
1697539998.110463, 80
1697539998.126727, 80
1697539998.143202, 80
1697539998.162089, 79
1697539998.182146, 79
1697539998.198216, 79
1697539998.215624, 80
1697539998.232852, 78
1697539998.251401, 79
1697539998.270823, 78
1697539998.290568, 79
1697539998.309434, 80
1697539998.330070, 80
1697539998.349184, 80
1697539998.365998, 80
1697539998.382801, 79
1697539998.400810, 79
1697539998.415447, 80
1697539998.431396, 81
1697539998.447654, 81
1697539998.465993, 80
1697539998.483187, 81
1697539998.502389, 79
1697539998.520604, 79
1697539998.540848, 80
1697539998.560086, 80
1697539998.578229, 80
1697539998.595559, 80
1697539998.612664, 80
1697539998.631127, 80
1697539998.650527, 82
1697539998.666191, 80
1697539998.685166, 82
1697539998.700998, 82
1697539998.717319, 80
1697539998.737139, 81
1697539998.753806, 81
1697539998.771159, 81
1697539998.789931, 81
1697539998.808044, 81
1697539998.827857, 78
1697539998.845986, 81
1697539998.863343, 81
1697539998.882807, 81
1697539998.900023, 81
1697539998.916743, 82
1697539998.932568, 82
1697539998.951241, 83
1697539998.967067, 84
1697539998.985142, 83
1697539999.000834, 83
1697539999.015642, 84
1697539999.031348, 82
1697539999.046932, 81
1697539999.063436, 82
1697539999.079721, 83
1697539999.097296, 82
1697539999.115156, 81
1697539999.130537, 83
1697539999.147005, 81
1697539999.161585, 81
1697539999.180094, 81
1697539999.198401, 81
1697539999.219257, 81
1697539999.237231, 81
1697539999.251460, 81
1697539999.271617, 82
1697539999.286849, 84
1697539999.305210, 82
1697539999.321407, 83
1697539999.337991, 82
1697539999.354148, 83
1697539999.368387, 83
1697539999.385382, 83
1697539999.401135, 83
1697539999.416260, 83
1697539999.430958, 83
1697539999.447704, 82
1697539999.465274, 82
1697539999.483732, 82
1697539999.502496, 82
1697539999.520478, 83
1697539999.535953, 81
1697539999.555434, 82
1697539999.572255, 83
1697539999.591450, 84
1697539999.610646, 84
1697539999.629451, 84
1697539999.646191, 84
1697539999.661974, 85
1697539999.679474, 84
1697539999.698503, 84
1697539999.716047, 84
1697539999.732674, 85
1697539999.749378, 85
1697539999.764760, 85
1697539999.780202, 84
1697539999.796213, 83
1697539999.812386, 83
1697539999.830984, 82
1697539999.845905, 83
1697539999.861104, 83
1697539999.875395, 82
1697539999.891135, 85
1697539999.909823, 84
1697539999.928369, 84
1697539999.947011, 84
1697539999.967342, 84
1697539999.984800, 83
1697540000.003404, 84
1697540000.019189, 84
1697540000.036269, 83
1697540000.052262, 84
1697540000.069349, 84
1697540000.086147, 84
1697540000.103683, 83
1697540000.119522, 83
1697540000.136612, 85
1697540000.152840, 83
1697540000.169823, 85
1697540000.185522, 84
1697540000.203452, 83
1697540000.220751, 86
1697540000.236921, 86
1697540000.251175, 85
1697540000.269302, 85
1697540000.284944, 85
1697540000.302201, 85
1697540000.320575, 86
1697540000.341644, 85
1697540000.361169, 85
1697540000.380255, 85
1697540000.397669, 85
1697540000.414373, 85
1697540000.432668, 84
1697540000.450420, 85
1697540000.468885, 83
1697540000.486823, 84
1697540000.501981, 84
1697540000.520203, 85
1697540000.540243, 84
1697540000.555767, 85
1697540000.575485, 86
1697540000.590961, 85
1697540000.605477, 86
1697540000.624086, 86
1697540000.643885, 85
1697540000.659895, 87
1697540000.677542, 87
1697540000.692363, 86
1697540000.708815, 86
1697540000.722742, 86
1697540000.741374, 86
1697540000.760257, 84
1697540000.777955, 85
1697540000.798620, 85
1697540000.815989, 86
1697540000.835498, 85
1697540000.852559, 85
1697540000.871290, 87
1697540000.889586, 86
1697540000.909428, 86
1697540000.927955, 85
1697540000.944876, 87
1697540000.963716, 85
1697540000.981736, 86
1697540000.997646, 87
1697540001.016268, 87
1697540001.033113, 87
1697540001.049987, 87
1697540001.070624, 86
1697540001.088190, 86
1697540001.106544, 86
1697540001.123220, 86
1697540001.138933, 87
1697540001.158304, 86
1697540001.174330, 85
1697540001.193383, 86
1697540001.209732, 87
1697540001.227335, 88
1697540001.243430, 87
1697540001.263669, 87
1697540001.280778, 87
1697540001.300201, 87
1697540001.316144, 87
1697540001.335546, 87
1697540001.352599, 87
1697540001.370340, 88
1697540001.388275, 87
1697540001.407104, 87
1697540001.424639, 86
1697540001.440769, 87
1697540001.458619, 87
1697540001.475044, 87
1697540001.491192, 87
1697540001.507415, 87
1697540001.525388, 87
1697540001.543923, 89
1697540001.559662, 87
1697540001.576687, 89
1697540001.591594, 88
1697540001.608136, 88
1697540001.625000, 87
1697540001.642740, 87
1697540001.662708, 88
1697540001.680689, 89
1697540001.698105, 88
1697540001.714747, 88
1697540001.736781, 87
1697540001.753378, 87
1697540001.771108, 87
1697540001.788533, 88
1697540001.803720, 86
1697540001.823672, 88
1697540001.840762, 88
1697540001.857331, 87
1697540001.876076, 88
1697540001.892452, 89
1697540001.909006, 89
1697540001.927913, 89
1697540001.943281, 89
1697540001.959761, 89
1697540001.976422, 89
1697540001.994584, 88
1697540002.011668, 89
1697540002.027011, 89
1697540002.047485, 89
1697540002.064718, 90
1697540002.081952, 87
1697540002.098455, 87
1697540002.118043, 89
1697540002.134623, 90
1697540002.154225, 89
1697540002.172019, 89
1697540002.186827, 89
1697540002.206311, 90
1697540002.223524, 91
1697540002.239187, 89
1697540002.256254, 89
1697540002.273567, 88
1697540002.289719, 90
1697540002.307641, 90
1697540002.326686, 91
1697540002.343788, 90
1697540002.359577, 91
1697540002.376672, 89
1697540002.393028, 90
1697540002.411855, 90
1697540002.426699, 89
1697540002.441962, 88
1697540002.460477, 89
1697540002.475657, 89
1697540002.493196, 89
1697540002.510732, 89
1697540002.527781, 89
1697540002.544988, 90
1697540002.561762, 91
1697540002.580735, 90
1697540002.595315, 90
1697540002.610860, 91
1697540002.630162, 90
1697540002.647647, 90
1697540002.665370, 90
1697540002.683930, 91
1697540002.699562, 90
1697540002.714937, 91
1697540002.731784, 91
1697540002.752314, 89
1697540002.768461, 89
1697540002.783252, 89
1697540002.799862, 90
1697540002.816185, 90
1697540002.833267, 91
1697540002.850088, 90
1697540002.867196, 90
1697540002.882985, 92
1697540002.901858, 92
1697540002.919086, 91
1697540002.936804, 91
1697540002.955892, 91
1697540002.975517, 90
1697540002.995487, 92
1697540003.011924, 90
1697540003.028724, 90
1697540003.044102, 92
1697540003.061637, 91
1697540003.075718, 91
1697540003.095687, 91
1697540003.112023, 90
1697540003.128492, 90
1697540003.144713, 90
1697540003.164281, 91
1697540003.181665, 91
1697540003.198210, 91
1697540003.214544, 91
1697540003.230055, 91
1697540003.249550, 92
1697540003.265889, 92
1697540003.280707, 92
1697540003.297398, 93
1697540003.313368, 92
1697540003.333573, 92
1697540003.348599, 92
1697540003.365641, 92
1697540003.381761, 92
1697540003.397166, 92
1697540003.415022, 92
1697540003.433198, 92
1697540003.449028, 91
1697540003.464840, 91
1697540003.481930, 91
1697540003.500967, 91
1697540003.517003, 91
1697540003.532897, 91
1697540003.551472, 92
1697540003.567219, 92
1697540003.583902, 93
1697540003.600873, 92
1697540003.619963, 91
1697540003.635331, 92
1697540003.653596, 92
1697540003.668753, 92
1697540003.685392, 93
1697540003.703223, 92
1697540003.717435, 92
1697540003.731816, 92
1697540003.749982, 93
1697540003.765145, 93
1697540003.783576, 92
1697540003.800754, 91
1697540003.820021, 93
1697540003.836281, 92
1697540003.852085, 92
1697540003.869413, 92
1697540003.884582, 92
1697540003.899783, 93
1697540003.919809, 94
1697540003.935542, 94
1697540003.955061, 94
1697540003.972439, 93
1697540003.988508, 93
1697540004.006481, 94
1697540004.024951, 93
1697540004.044070, 93
1697540004.059363, 93
1697540004.075494, 94
1697540004.092106, 93
1697540004.109657, 92
1697540004.127343, 93
1697540004.148000, 92
1697540004.167248, 92
1697540004.186374, 92
1697540004.204535, 91
1697540004.219809, 93
1697540004.236583, 94
1697540004.255708, 94
1697540004.271955, 95
1697540004.288536, 95
1697540004.303637, 94
1697540004.319440, 94
1697540004.337571, 95
1697540004.356354, 93
1697540004.372460, 94
1697540004.395618, 95
1697540004.417370, 94
1697540004.437940, 94
1697540004.456416, 94
1697540004.479194, 93
1697540004.498406, 94
1697540004.519402, 94
1697540004.537241, 93
1697540004.553450, 94
1697540004.575008, 94
1697540004.595523, 95
1697540004.618361, 95
1697540004.638716, 94
1697540004.659272, 94
1697540004.678686, 94
1697540004.698891, 96
1697540004.719518, 96
1697540004.739213, 95
1697540004.759414, 95
1697540004.777828, 95
1697540004.796871, 95
1697540004.816484, 94
1697540004.835327, 95
1697540004.854485, 94
1697540004.872794, 94
1697540004.892956, 95
1697540004.908488, 93
1697540004.924333, 95
1697540004.941362, 95
1697540004.956121, 96
1697540004.972165, 96
1697540004.988694, 95
1697540005.004084, 96
1697540005.018247, 96
1697540005.036885, 95
1697540005.053420, 95
1697540005.068333, 95
1697540005.083185, 96
1697540005.100257, 95
1697540005.119814, 96
1697540005.135969, 95
1697540005.153523, 95
1697540005.170221, 95
1697540005.189391, 96
1697540005.206385, 96
1697540005.221080, 96
1697540005.237574, 95
1697540005.254394, 96
1697540005.272997, 95
1697540005.288703, 96
1697540005.306238, 96
1697540005.323813, 96
1697540005.341313, 96
1697540005.357471, 97
1697540005.375135, 97
1697540005.392768, 97
1697540005.407761, 96
1697540005.423884, 98
1697540005.438685, 99
1697540005.453996, 98
1697540005.471490, 97
1697540005.491117, 98
1697540005.507529, 97
1697540005.524739, 96
1697540005.543209, 98
1697540005.560514, 97
1697540005.576707, 96
1697540005.593728, 95
1697540005.608885, 96
1697540005.625880, 95
1697540005.640285, 96
1697540005.657899, 98
1697540005.674407, 96
1697540005.689008, 97
1697540005.707901, 97
1697540005.727389, 97
1697540005.743097, 97
1697540005.757562, 97
1697540005.772999, 98
1697540005.787682, 97
1697540005.803056, 98
1697540005.818871, 98
1697540005.837274, 96
1697540005.858901, 96
1697540005.873339, 97
1697540005.889877, 96
1697540005.904721, 97
1697540005.920051, 96
1697540005.938032, 96
1697540005.953346, 97
1697540005.969898, 96
1697540005.986071, 98
1697540006.003200, 98
1697540006.017852, 97
1697540006.033955, 99
1697540006.051470, 98
1697540006.066186, 98
1697540006.086260, 97
1697540006.101617, 98
1697540006.118735, 98
1697540006.135719, 98
1697540006.150345, 99
1697540006.166254, 98
1697540006.180146, 98
1697540006.197189, 98
1697540006.211911, 97
1697540006.229005, 98
1697540006.244053, 97
1697540006.259868, 98
1697540006.275990, 97
1697540006.293613, 97
1697540006.308145, 97
1697540006.324472, 96
1697540006.340358, 99
1697540006.358860, 99
1697540006.373499, 97
1697540006.389163, 99
1697540006.405994, 99
1697540006.425219, 99
1697540006.442585, 99
1697540006.458163, 99
1697540006.472286, 100
1697540006.489457, 99
1697540006.504878, 99
1697540006.522259, 99
1697540006.540279, 99
1697540006.556668, 99
1697540006.571778, 97
1697540006.586737, 99
1697540006.603059, 98
1697540006.618972, 98
1697540006.635987, 99
1697540006.653727, 98
1697540006.671888, 98
1697540006.692473, 99
1697540006.711422, 99
1697540006.726929, 99
1697540006.743702, 99
1697540006.761203, 98
1697540006.776901, 97
1697540006.795607, 98
1697540006.811873, 97
1697540006.827430, 97
1697540006.842745, 98
1697540006.857774, 98
1697540006.872158, 98
1697540006.886619, 96
1697540006.902386, 97
1697540006.918521, 95
1697540006.935164, 96
1697540006.950895, 96
1697540006.965931, 96
1697540006.985694, 94
1697540007.003496, 95
1697540007.019735, 89
1697540007.034513, 83
1697540007.049813, 78
1697540007.066338, 71
1697540007.082947, 63
1697540007.102971, 56
1697540007.119423, 50
1697540007.135892, 46
1697540007.154410, 47
1697540007.168900, 46
1697540007.184458, 46
1697540007.200145, 46
1697540007.216472, 46
1697540007.231870, 46
1697540007.249943, 46
1697540007.267099, 47
1697540007.282470, 48
1697540007.300696, 48
1697540007.321506, 48
1697540007.337595, 47
1697540007.355955, 48
1697540007.375232, 48
1697540007.396206, 48
1697540007.418278, 46
1697540007.436229, 47
1697540007.454665, 48
1697540007.473268, 47
1697540007.492538, 47
1697540007.511835, 49
1697540007.527941, 49
1697540007.548912, 48
1697540007.570345, 49
1697540007.588912, 49
1697540007.604864, 48
1697540007.625833, 48
1697540007.647485, 47
1697540007.663700, 48
1697540007.680136, 48
1697540007.694839, 48
1697540007.709638, 49
1697540007.724913, 48
1697540007.744781, 48
1697540007.766536, 49
1697540007.781715, 50
1697540007.798162, 50
1697540007.818921, 49
1697540007.839492, 50
1697540007.859974, 50
1697540007.879195, 48
1697540007.898797, 49
1697540007.917679, 49
1697540007.932199, 50
1697540007.946934, 50
1697540007.961340, 49
1697540007.976487, 49
1697540007.993039, 51
1697540008.010868, 50
1697540008.028351, 50
1697540008.048065, 50
1697540008.066811, 51
1697540008.083633, 50
1697540008.101221, 50
1697540008.117454, 49
1697540008.134472, 49
1697540008.154169, 49
1697540008.173022, 50
1697540008.189970, 51
1697540008.205026, 50
1697540008.221986, 51
1697540008.238225, 50
1697540008.252666, 51
1697540008.267620, 52
1697540008.283406, 51
1697540008.299217, 50
1697540008.313833, 52
1697540008.333988, 52
1697540008.353150, 50
1697540008.369930, 50
1697540008.387147, 51
1697540008.403904, 51
1697540008.419865, 50
1697540008.439101, 51
1697540008.458150, 52
1697540008.477774, 52
1697540008.496633, 53
1697540008.514511, 51
1697540008.530457, 51
1697540008.548811, 52
1697540008.567071, 52
1697540008.584790, 52
1697540008.602395, 52
1697540008.619242, 52
1697540008.638511, 51
1697540008.655133, 53
1697540008.672529, 51
1697540008.686892, 51
1697540008.704584, 52
1697540008.724375, 53
1697540008.741759, 53
1697540008.758741, 54
1697540008.775101, 53
1697540008.794282, 53
1697540008.810712, 53
1697540008.825901, 53
1697540008.842004, 54
1697540008.859267, 52
1697540008.877477, 52
1697540008.892212, 53
1697540008.909085, 53
1697540008.923330, 54
1697540008.939887, 53
1697540008.954648, 52
1697540008.972101, 54
1697540008.990193, 54
1697540009.005131, 54
1697540009.019902, 54
1697540009.038494, 55
1697540009.056734, 54
1697540009.073667, 55
1697540009.090562, 54
1697540009.104655, 54
1697540009.118896, 53
1697540009.136088, 53
1697540009.150959, 54
1697540009.165473, 53
1697540009.184665, 53
1697540009.199033, 55
1697540009.215969, 54
1697540009.232034, 54
1697540009.246967, 55
1697540009.262044, 55
1697540009.279369, 54
1697540009.294662, 55
1697540009.310470, 55
1697540009.325909, 55
1697540009.343828, 55
1697540009.361699, 55
1697540009.381700, 55
1697540009.403115, 56
1697540009.424064, 55
1697540009.444151, 56
1697540009.462793, 56
1697540009.481390, 56
1697540009.497715, 55
1697540009.513195, 56
1697540009.534004, 55
1697540009.554185, 55
1697540009.574968, 55
1697540009.597174, 56
1697540009.617577, 55
1697540009.640031, 56
1697540009.658055, 56
1697540009.678063, 55
1697540009.697521, 55
1697540009.720983, 55
1697540009.744326, 56
1697540009.763183, 56
1697540009.779434, 56
1697540009.798793, 57
1697540009.818060, 57
1697540009.838016, 57
1697540009.860157, 57
1697540009.878581, 55
1697540009.898129, 56
1697540009.916002, 55
1697540009.935076, 57
1697540009.955482, 56
1697540009.974186, 56
1697540009.993616, 58
1697540010.015607, 57
1697540010.034657, 57
1697540010.052782, 59
1697540010.074112, 58
1697540010.093394, 58
1697540010.113060, 58
1697540010.133996, 57
1697540010.156034, 57
1697540010.175732, 58
1697540010.192803, 57
1697540010.210776, 58
1697540010.230367, 57
1697540010.251168, 57
1697540010.271882, 58
1697540010.290722, 59
1697540010.311703, 58
1697540010.332683, 58
1697540010.353360, 59
1697540010.374200, 59
1697540010.393572, 60
1697540010.412303, 57
1697540010.431909, 57
1697540010.449405, 59
1697540010.469385, 58
1697540010.487551, 58
1697540010.505577, 58
1697540010.525308, 59
1697540010.542450, 60
1697540010.559617, 59
1697540010.577480, 59
1697540010.598863, 59
1697540010.619898, 60
1697540010.635720, 59
1697540010.656326, 59
1697540010.671314, 59
1697540010.689736, 59
1697540010.707068, 60
1697540010.723037, 59
1697540010.738092, 58
1697540010.754109, 58
1697540010.772455, 59
1697540010.787440, 60
1697540010.804935, 60
1697540010.822932, 60
1697540010.839301, 60
1697540010.854917, 60
1697540010.870240, 60
1697540010.887575, 60
1697540010.904559, 60
1697540010.919998, 60
1697540010.935346, 59
1697540010.953782, 57
1697540010.972187, 60
1697540010.991742, 60
1697540011.009101, 61
1697540011.025319, 59
1697540011.041808, 60
1697540011.058698, 62
1697540011.073801, 61
1697540011.091939, 62
1697540011.111694, 61
1697540011.126750, 61
1697540011.146464, 61
1697540011.162893, 61
1697540011.182204, 61
1697540011.199703, 61
1697540011.219105, 61
1697540011.239050, 59
1697540011.257948, 60
1697540011.277339, 61
1697540011.298203, 62
1697540011.316134, 63
1697540011.336847, 62
1697540011.354680, 61
1697540011.369174, 63
1697540011.389334, 62
1697540011.405739, 61
1697540011.423438, 62
1697540011.439603, 62
1697540011.455714, 61
1697540011.474056, 62
1697540011.491577, 61
1697540011.510253, 61
1697540011.527027, 61
1697540011.547912, 61
1697540011.563675, 61
1697540011.580295, 61
1697540011.595065, 62
1697540011.612164, 62
1697540011.627278, 62
1697540011.642593, 64
1697540011.657402, 63
1697540011.675246, 62
1697540011.692703, 63
1697540011.712023, 63
1697540011.732212, 62
1697540011.747202, 63
1697540011.764255, 62
1697540011.784436, 62
1697540011.798568, 63
1697540011.818678, 62
1697540011.834705, 62
1697540011.853550, 63
1697540011.869473, 63
1697540011.887305, 63
1697540011.903676, 63
1697540011.918652, 64
1697540011.935020, 63
1697540011.951646, 64
1697540011.968874, 65
1697540011.984801, 65
1697540012.003126, 62
1697540012.021098, 63
1697540012.041549, 64
1697540012.059434, 64
1697540012.079064, 63
1697540012.097719, 63
1697540012.116302, 63
1697540012.132962, 64
1697540012.150326, 65
1697540012.169785, 65
1697540012.189162, 64
1697540012.207226, 64
1697540012.225851, 65
1697540012.243595, 65
1697540012.263836, 63
1697540012.285095, 64
1697540012.304101, 63
1697540012.323997, 64
1697540012.342647, 65
1697540012.361219, 65
1697540012.382775, 64
1697540012.403318, 66
1697540012.426093, 65
1697540012.445180, 64
1697540012.460863, 66
1697540012.480204, 65
1697540012.500787, 66
1697540012.522302, 66
1697540012.543643, 67
1697540012.563334, 65
1697540012.582338, 65
1697540012.602421, 66
1697540012.621047, 67
1697540012.641166, 66
1697540012.660849, 65
1697540012.679889, 66
1697540012.700838, 66
1697540012.717566, 66
1697540012.736499, 67
1697540012.751615, 67
1697540012.771387, 67
1697540012.789682, 66
1697540012.806021, 66
1697540012.825312, 67
1697540012.841909, 65
1697540012.859502, 65
1697540012.876437, 66
1697540012.892794, 65
1697540012.907487, 65
1697540012.922879, 64
1697540012.941935, 66
1697540012.955709, 66
1697540012.973082, 67
1697540012.988059, 67
1697540013.005734, 68
1697540013.019773, 67
1697540013.040597, 67
1697540013.057881, 67
1697540013.076375, 67
1697540013.095413, 67
1697540013.115020, 67
1697540013.134714, 66
1697540013.150120, 67
1697540013.168491, 66
1697540013.183357, 67
1697540013.199955, 67
1697540013.215540, 67
1697540013.233510, 67
1697540013.252569, 68
1697540013.272065, 68
1697540013.291705, 68
1697540013.308946, 68
1697540013.325850, 67
1697540013.342395, 68
1697540013.360349, 67
1697540013.380745, 68
1697540013.397673, 68
1697540013.415661, 67
1697540013.435102, 67
1697540013.454672, 67
1697540013.474432, 67
1697540013.491521, 68
1697540013.508089, 68
1697540013.525199, 68
1697540013.545277, 69
1697540013.562839, 68
1697540013.581284, 69
1697540013.598768, 68
1697540013.617977, 68
1697540013.635184, 69
1697540013.655578, 68
1697540013.675467, 69
1697540013.693701, 68
1697540013.710553, 68
1697540013.727053, 68
1697540013.747838, 68
1697540013.763642, 68
1697540013.781459, 68
1697540013.798654, 68
1697540013.815444, 68
1697540013.833767, 69
1697540013.850720, 70
1697540013.867465, 70
1697540013.885348, 70
1697540013.904734, 70
1697540013.925244, 70
1697540013.941871, 69
1697540013.960730, 70
1697540013.977437, 69
1697540013.994855, 69
1697540014.010551, 69
1697540014.028153, 70
1697540014.048319, 69
1697540014.067052, 69
1697540014.083136, 69
1697540014.101224, 70
1697540014.118190, 70
1697540014.135106, 69
1697540014.151289, 70
1697540014.171797, 71
1697540014.189590, 70
1697540014.205214, 71
1697540014.225149, 71
1697540014.243801, 71
1697540014.262138, 70
1697540014.283115, 71
1697540014.298478, 70
1697540014.312819, 69
1697540014.330036, 70
1697540014.346901, 69
1697540014.364021, 69
1697540014.380917, 69
1697540014.401907, 71
1697540014.418376, 71
1697540014.435679, 71
1697540014.453580, 71
1697540014.471685, 71
1697540014.488635, 71
1697540014.506397, 71
1697540014.524137, 72
1697540014.543049, 72
1697540014.559775, 70
1697540014.578385, 70
1697540014.597061, 70
1697540014.613000, 71
1697540014.632015, 71
1697540014.646451, 70
1697540014.663747, 72
1697540014.682411, 70
1697540014.699092, 71
1697540014.718206, 73
1697540014.735810, 72
1697540014.751462, 72
1697540014.770363, 72
1697540014.786516, 72
1697540014.803770, 72
1697540014.821557, 73
1697540014.840818, 72
1697540014.855592, 70
1697540014.874850, 71
1697540014.895627, 71
1697540014.913672, 72
1697540014.929588, 71
1697540014.948602, 72
1697540014.967131, 71
1697540014.986817, 73
1697540015.006763, 73
1697540015.023928, 72
1697540015.044478, 73
1697540015.063875, 72
1697540015.082287, 72
1697540015.099533, 74
1697540015.118038, 73
1697540015.134018, 74
1697540015.149535, 72
1697540015.168640, 72
1697540015.184750, 73
1697540015.204499, 72
1697540015.221964, 72
1697540015.237373, 72
1697540015.255605, 72
1697540015.273342, 72
1697540015.287595, 74
1697540015.305910, 74
1697540015.323680, 73
1697540015.342377, 73
1697540015.361814, 73
1697540015.378880, 74
1697540015.393217, 74
1697540015.407645, 73
1697540015.423941, 74
1697540015.438020, 74
1697540015.453651, 72
1697540015.468589, 73
1697540015.484689, 73
1697540015.500283, 73
1697540015.516136, 73
1697540015.530641, 74
1697540015.547102, 73
1697540015.562030, 73
1697540015.577372, 75
1697540015.593315, 74
1697540015.608224, 73
1697540015.624468, 74
1697540015.640088, 74
1697540015.657724, 74
1697540015.672359, 74
1697540015.687229, 74
1697540015.703545, 75
1697540015.721083, 75
1697540015.736726, 74
1697540015.751396, 74
1697540015.765645, 75
1697540015.780097, 73
1697540015.795460, 73
1697540015.810370, 74
1697540015.827208, 74
1697540015.845886, 73
1697540015.864566, 76
1697540015.882770, 75
1697540015.898225, 75
1697540015.915755, 75
1697540015.930995, 75
1697540015.946742, 75
1697540015.961759, 76
1697540015.977299, 75
1697540015.992168, 75
1697540016.006572, 76
1697540016.022091, 75
1697540016.037129, 75
1697540016.052145, 74
1697540016.070476, 74
1697540016.085631, 75
1697540016.102018, 74
1697540016.118049, 74
1697540016.134316, 76
1697540016.153396, 75
1697540016.167244, 75
1697540016.186780, 76
1697540016.203584, 76
1697540016.221529, 76
1697540016.235563, 77
1697540016.250059, 77
1697540016.264442, 76
1697540016.280208, 76
1697540016.301520, 76
1697540016.320195, 75
1697540016.336231, 75
1697540016.350459, 75
1697540016.366528, 75
1697540016.382183, 74
1697540016.402048, 76
1697540016.419011, 75
1697540016.436992, 75
1697540016.455401, 75
1697540016.473273, 76
1697540016.493243, 76
1697540016.511058, 77
1697540016.529386, 76
1697540016.546896, 76
1697540016.563041, 77
1697540016.582641, 77
1697540016.598780, 77
1697540016.616607, 77
1697540016.635444, 77
1697540016.654274, 75
1697540016.672486, 77
1697540016.687891, 75
1697540016.703424, 75
1697540016.719959, 76
1697540016.737921, 76
1697540016.753908, 76
1697540016.769405, 77
1697540016.789696, 77
1697540016.808017, 77
1697540016.824309, 77
1697540016.843456, 77
1697540016.862324, 76
1697540016.880010, 77
1697540016.899907, 78
1697540016.919852, 77
1697540016.935006, 77
1697540016.953960, 77
1697540016.971158, 76
1697540016.990834, 77
1697540017.008187, 77
1697540017.024110, 77
1697540017.038948, 76
1697540017.055594, 77
1697540017.071558, 77
1697540017.090632, 79
1697540017.112634, 79
1697540017.130355, 78
1697540017.147859, 78
1697540017.164097, 78
1697540017.181539, 78
1697540017.198998, 78
1697540017.216456, 78
1697540017.233463, 78
1697540017.251558, 78
1697540017.266109, 77
1697540017.280907, 79
1697540017.295951, 78
1697540017.313464, 77
1697540017.329553, 78
1697540017.347574, 78
1697540017.364842, 77
1697540017.380386, 78
1697540017.399216, 78
1697540017.415834, 78
1697540017.433307, 80
1697540017.452286, 78
1697540017.470010, 79
1697540017.485791, 79
1697540017.502622, 79
1697540017.519891, 78
1697540017.536284, 80
1697540017.552345, 80
1697540017.569953, 79
1697540017.589804, 78
1697540017.608027, 78
1697540017.627579, 77
1697540017.645379, 78
1697540017.662710, 78
1697540017.681358, 78
1697540017.699653, 78
1697540017.715463, 80
1697540017.734144, 80
1697540017.751176, 79
1697540017.771903, 80
1697540017.787980, 80
1697540017.803945, 79
1697540017.823085, 80
1697540017.840410, 80
1697540017.862095, 79
1697540017.877867, 80
1697540017.896149, 79
1697540017.915048, 79
1697540017.934052, 80
1697540017.954373, 79
1697540017.969399, 79
1697540017.988321, 80
1697540018.007826, 79
1697540018.025052, 81
1697540018.045458, 80
1697540018.063184, 79
1697540018.082172, 81
1697540018.099816, 81
1697540018.120107, 80
1697540018.139199, 81
1697540018.156843, 81
1697540018.174795, 80
1697540018.193562, 81
1697540018.212570, 81
1697540018.229453, 80
1697540018.246312, 80
1697540018.265271, 80
1697540018.287336, 80
1697540018.307086, 80
1697540018.327794, 81
1697540018.348986, 80
1697540018.369947, 80
1697540018.386746, 80
1697540018.405517, 82
1697540018.422708, 81
1697540018.443681, 81
1697540018.460896, 81
1697540018.478264, 81
1697540018.494405, 81
1697540018.509079, 81
1697540018.523757, 81
1697540018.539120, 81
1697540018.555158, 81
1697540018.571916, 80
1697540018.588690, 81
1697540018.606799, 81
1697540018.625009, 81
1697540018.642687, 82
1697540018.660054, 82
1697540018.675629, 81
1697540018.694747, 82
1697540018.712620, 82
1697540018.732665, 82
1697540018.748055, 82
1697540018.764997, 81
1697540018.781180, 82
1697540018.797007, 82
1697540018.817305, 83
1697540018.832946, 80
1697540018.850682, 81
1697540018.868639, 81
1697540018.886229, 81
1697540018.902694, 80
1697540018.919995, 82
1697540018.934105, 81
1697540018.948825, 82
1697540018.966504, 83
1697540018.985168, 83
1697540019.002637, 82
1697540019.018797, 83
1697540019.036484, 83
1697540019.052732, 83
1697540019.069895, 83
1697540019.085367, 83
1697540019.102338, 83
1697540019.118753, 83
1697540019.135510, 84
1697540019.150933, 83
1697540019.169111, 82
1697540019.187028, 82
1697540019.203872, 82
1697540019.220874, 82
1697540019.238772, 83
1697540019.254839, 82
1697540019.273595, 82
1697540019.288023, 83
1697540019.303325, 83
1697540019.319055, 83
1697540019.334010, 84
1697540019.353342, 83
1697540019.368315, 84
1697540019.384332, 84
1697540019.404661, 84
1697540019.422168, 83
1697540019.438532, 84
1697540019.457620, 83
1697540019.476105, 83
1697540019.493843, 83
1697540019.513780, 83
1697540019.528469, 84
1697540019.543367, 82
1697540019.560857, 83
1697540019.575874, 83
1697540019.591675, 82
1697540019.610676, 84
1697540019.628030, 84
1697540019.644456, 84
1697540019.661023, 84
1697540019.677938, 84
1697540019.691809, 84
1697540019.708955, 85
1697540019.727359, 85
1697540019.745053, 85
1697540019.760216, 86
1697540019.778495, 86
1697540019.796603, 85
1697540019.814790, 84
1697540019.829426, 84
1697540019.848771, 85
1697540019.867623, 84
1697540019.886434, 86
1697540019.902707, 84
1697540019.922525, 85
1697540019.942879, 85
1697540019.961982, 85
1697540019.979677, 84
1697540019.997787, 85
1697540020.015463, 85
1697540020.036351, 85
1697540020.054224, 85
1697540020.070510, 85
1697540020.089647, 84
1697540020.105489, 85
1697540020.125499, 84
1697540020.142547, 83
1697540020.160407, 84
1697540020.180601, 84
1697540020.198667, 86
1697540020.216747, 86
1697540020.234987, 85
1697540020.255671, 87
1697540020.273571, 86
1697540020.294467, 86
1697540020.313936, 87
1697540020.332480, 86
1697540020.352027, 85
1697540020.372037, 87
1697540020.392034, 87
1697540020.412373, 87
1697540020.431845, 85
1697540020.452258, 86
1697540020.472348, 86
1697540020.488680, 85
1697540020.505977, 85
1697540020.526929, 86
1697540020.543132, 85
1697540020.558727, 85
1697540020.573703, 86
1697540020.590936, 86
1697540020.605698, 86
1697540020.621530, 85
1697540020.640459, 88
1697540020.657333, 87
1697540020.675127, 87
1697540020.693700, 86
1697540020.708754, 87
1697540020.725492, 87
1697540020.741938, 87
1697540020.760337, 86
1697540020.779680, 87
1697540020.795122, 85
1697540020.811887, 87
1697540020.829083, 86
1697540020.848774, 85
1697540020.863567, 85
1697540020.879605, 86
1697540020.899376, 86
1697540020.918988, 87
1697540020.937655, 88
1697540020.957337, 88
1697540020.977183, 87
1697540020.998267, 87
1697540021.018463, 87
1697540021.036877, 87
1697540021.055640, 87
1697540021.071080, 87
1697540021.091122, 88
1697540021.109348, 87
1697540021.125731, 87
1697540021.142485, 87
1697540021.160059, 87
1697540021.176703, 87
1697540021.193934, 87
1697540021.209405, 87
1697540021.224569, 87
1697540021.239839, 87
1697540021.254636, 88
1697540021.268928, 88
1697540021.284291, 88
1697540021.299192, 88
1697540021.314702, 88
1697540021.329927, 89
1697540021.346329, 89
1697540021.361595, 88
1697540021.377619, 88
1697540021.393739, 87
1697540021.408273, 89
1697540021.423594, 89
1697540021.440164, 87
1697540021.454753, 88
1697540021.469198, 88
1697540021.485653, 87
1697540021.501122, 87
1697540021.515704, 88
1697540021.532192, 88
1697540021.547692, 88
1697540021.562001, 88
1697540021.577228, 90
1697540021.591233, 89
1697540021.607457, 89
1697540021.621829, 90
1697540021.636647, 90
1697540021.650751, 90
1697540021.665941, 89
1697540021.681852, 89
1697540021.696977, 89
1697540021.711807, 89
1697540021.725955, 89
1697540021.743811, 90
1697540021.760600, 89
1697540021.775722, 89
1697540021.795118, 89
1697540021.809396, 88
1697540021.823959, 88
1697540021.841440, 89
1697540021.862186, 88
1697540021.881047, 89
1697540021.898177, 89
1697540021.914720, 89
1697540021.930156, 90
1697540021.945103, 90
1697540021.960253, 89
1697540021.975708, 90
1697540021.991551, 90
1697540022.006111, 90
1697540022.022521, 90
1697540022.037782, 90
1697540022.054035, 90
1697540022.069150, 90
1697540022.087195, 90
1697540022.103223, 89
1697540022.121895, 90
1697540022.139741, 90
1697540022.159452, 89
1697540022.175525, 90
1697540022.194214, 89
1697540022.213306, 90
1697540022.229831, 90
1697540022.247107, 89
1697540022.263982, 91
1697540022.282365, 90
1697540022.300306, 90
1697540022.316808, 91
1697540022.331121, 90
1697540022.348383, 91
1697540022.367466, 91
1697540022.387168, 91
1697540022.405686, 90
1697540022.425829, 91
1697540022.446013, 90
1697540022.466008, 90
1697540022.482468, 90
1697540022.499406, 90
1697540022.515573, 91
1697540022.532612, 90
1697540022.549316, 90
1697540022.567142, 92
1697540022.585873, 91
1697540022.601790, 90
1697540022.617898, 91
1697540022.639103, 91
1697540022.657789, 91
1697540022.676175, 91
1697540022.693184, 91
1697540022.710545, 92
1697540022.730320, 92
1697540022.745937, 92
1697540022.763196, 91
1697540022.781177, 91
1697540022.796353, 90
1697540022.814899, 91
1697540022.831563, 91
1697540022.849116, 90
1697540022.866123, 91
1697540022.884333, 91
1697540022.903785, 92
1697540022.922112, 92
1697540022.941314, 93
1697540022.960503, 92
1697540022.978593, 92
1697540022.997878, 93
1697540023.014689, 93
1697540023.034722, 92
1697540023.052727, 93
1697540023.070201, 92
1697540023.090207, 93
1697540023.108611, 93
1697540023.124007, 92
1697540023.142759, 92
1697540023.161787, 91
1697540023.182639, 92
1697540023.200984, 92
1697540023.221394, 91
1697540023.236216, 92
1697540023.252747, 93
1697540023.267628, 93
1697540023.287040, 92
1697540023.305182, 93
1697540023.323589, 92
1697540023.339833, 92
1697540023.359445, 93
1697540023.378503, 94
1697540023.396787, 93
1697540023.415861, 92
1697540023.434927, 94
1697540023.455220, 93
1697540023.475293, 92
1697540023.494574, 92
1697540023.514205, 92
1697540023.533064, 93
1697540023.553054, 93
1697540023.570292, 92
1697540023.586873, 94
1697540023.604937, 94
1697540023.622675, 93
1697540023.641137, 93
1697540023.657590, 93
1697540023.674938, 94
1697540023.693733, 93
1697540023.708161, 94
1697540023.723171, 94
1697540023.739537, 94
1697540023.754190, 94
1697540023.770676, 93
1697540023.788877, 94
1697540023.807878, 93
1697540023.827387, 93
1697540023.844995, 93
1697540023.863875, 93
1697540023.882318, 93
1697540023.903849, 92
1697540023.920071, 94
1697540023.936287, 95
1697540023.953617, 94
1697540023.968515, 95
1697540023.985711, 94
1697540024.006618, 94
1697540024.024990, 95
1697540024.043711, 94
1697540024.063194, 94
1697540024.082100, 94
1697540024.102241, 94
1697540024.120413, 95
1697540024.139660, 95
1697540024.156608, 93
1697540024.176591, 95
1697540024.195168, 93
1697540024.212793, 94
1697540024.230643, 94
1697540024.247753, 93
1697540024.263165, 94
1697540024.282926, 95
1697540024.301611, 94
1697540024.320246, 96
1697540024.340654, 95
1697540024.357901, 95
1697540024.376903, 95
1697540024.395666, 95
1697540024.412911, 96
1697540024.430069, 95
1697540024.445226, 95
1697540024.463225, 95
1697540024.482280, 95
1697540024.500858, 94
1697540024.519934, 95
1697540024.538807, 94
1697540024.556379, 95
1697540024.573748, 94
1697540024.594271, 94
1697540024.610104, 95
1697540024.624504, 95
1697540024.644182, 95
1697540024.664732, 96
1697540024.685102, 96
1697540024.702297, 95
1697540024.718533, 96
1697540024.735720, 96
1697540024.751840, 95
1697540024.769727, 96
1697540024.789225, 96
1697540024.807868, 96
1697540024.829835, 96
1697540024.848540, 96
1697540024.863148, 96
1697540024.882807, 95
1697540024.904297, 95
1697540024.922096, 96
1697540024.936771, 94
1697540024.950943, 96
1697540024.967910, 95
1697540024.986382, 96
1697540025.004237, 95
1697540025.019396, 97
1697540025.038563, 98
1697540025.053661, 97
1697540025.069545, 96
1697540025.084903, 96
1697540025.101105, 97
1697540025.115431, 96
1697540025.130215, 97
1697540025.148010, 97
1697540025.165191, 97
1697540025.179532, 96
1697540025.194090, 97
1697540025.210875, 96
1697540025.229337, 95
1697540025.245596, 96
1697540025.260041, 96
1697540025.276478, 95
1697540025.291191, 96
1697540025.306832, 96
1697540025.321687, 96
1697540025.339998, 98
1697540025.356451, 97
1697540025.374571, 97
1697540025.389188, 97
1697540025.406834, 98
1697540025.422772, 98
1697540025.437477, 98
1697540025.456331, 97
1697540025.473674, 97
1697540025.489016, 97
1697540025.503685, 97
1697540025.518240, 98
1697540025.532586, 98
1697540025.547338, 98
1697540025.562286, 97
1697540025.580245, 98
1697540025.595385, 97
1697540025.611316, 97
1697540025.624985, 96
1697540025.640906, 97
1697540025.657373, 96
1697540025.675837, 97
1697540025.693696, 99
1697540025.711580, 98
1697540025.727048, 98
1697540025.741884, 98
1697540025.757720, 98
1697540025.773185, 99
1697540025.788835, 98
1697540025.804963, 98
1697540025.825396, 98
1697540025.844362, 98
1697540025.862881, 98
1697540025.880638, 98
1697540025.896994, 98
1697540025.913778, 98
1697540025.929315, 97
1697540025.945918, 97
1697540025.964015, 97
1697540025.980307, 97
1697540025.994748, 98
1697540026.009409, 98
1697540026.027811, 98
1697540026.045945, 99
1697540026.064253, 99
1697540026.079806, 99
1697540026.096513, 99
1697540026.116580, 98
1697540026.132827, 98
1697540026.152546, 98
1697540026.171212, 99
1697540026.189003, 99
1697540026.206721, 98
1697540026.221501, 98
1697540026.243156, 98
1697540026.258654, 98
1697540026.278079, 98
1697540026.295605, 97
1697540026.311876, 98
1697540026.331465, 97
1697540026.348007, 97
1697540026.362325, 97
1697540026.380155, 97
1697540026.395405, 99
1697540026.410013, 98
1697540026.426529, 99
1697540026.443770, 99
1697540026.461220, 97
1697540026.479631, 99
1697540026.496193, 98
1697540026.514241, 97
1697540026.530825, 98
1697540026.548275, 97
1697540026.564916, 97
1697540026.580066, 96
1697540026.598690, 95
1697540026.615598, 95
1697540026.631839, 94
1697540026.648960, 93
1697540026.664864, 94
1697540026.678608, 94
1697540026.694474, 93
1697540026.710402, 93
1697540026.724724, 90
1697540026.738995, 84
1697540026.754158, 79
1697540026.769814, 72
1697540026.785347, 65
1697540026.801092, 61
1697540026.817138, 54
1697540026.832745, 47
1697540026.849899, 47
1697540026.868253, 46
1697540026.884269, 47
1697540026.902643, 45
1697540026.918440, 47
1697540026.935117, 46
1697540026.952350, 47
1697540026.968950, 45
1697540026.986129, 48
1697540027.003374, 48
1697540027.018703, 48
1697540027.036258, 48
1697540027.053087, 47
1697540027.069919, 48
1697540027.085946, 47
1697540027.101510, 46
1697540027.118753, 46
1697540027.135769, 47
1697540027.154166, 48
1697540027.169299, 47
1697540027.186054, 46
1697540027.203471, 47
1697540027.220686, 48
1697540027.236989, 48
1697540027.254924, 48
1697540027.270625, 48
1697540027.287563, 49
1697540027.304114, 48
1697540027.319585, 49
1697540027.336968, 48
1697540027.353321, 47
1697540027.373283, 48
1697540027.388865, 48
1697540027.405116, 47
1697540027.421005, 48
1697540027.436829, 49
1697540027.453634, 49
1697540027.468657, 49
1697540027.483513, 49
1697540027.498701, 50
1697540027.516614, 49
1697540027.532097, 49
1697540027.548869, 50
1697540027.565436, 49
1697540027.585041, 48
1697540027.599795, 49
1697540027.618733, 49
1697540027.634269, 49
1697540027.650638, 49
1697540027.666664, 48
1697540027.685224, 50
1697540027.701901, 51
1697540027.719948, 50
1697540027.740515, 50
1697540027.761088, 50
1697540027.776238, 51
1697540027.791413, 50
1697540027.809204, 50
1697540027.827824, 50
1697540027.846669, 49
1697540027.866468, 49
1697540027.883484, 50
1697540027.902179, 50
1697540027.920831, 50
1697540027.937900, 51
1697540027.953279, 51
1697540027.971801, 51
1697540027.990978, 51
1697540028.009859, 51
1697540028.026336, 51
1697540028.044040, 52
1697540028.059446, 50
1697540028.077075, 50
1697540028.094752, 51
1697540028.113708, 50
1697540028.133551, 51
1697540028.151929, 52
1697540028.168945, 52
1697540028.187843, 53
1697540028.203915, 53
1697540028.223203, 51
1697540028.242595, 52
1697540028.259302, 53
1697540028.277983, 53
1697540028.297239, 51
1697540028.315223, 53
1697540028.332731, 51
1697540028.351183, 51
1697540028.368353, 52
1697540028.386483, 52
1697540028.405995, 52
1697540028.422020, 53
1697540028.440684, 53
1697540028.457622, 53
1697540028.475596, 53
1697540028.492974, 53
1697540028.508505, 54
1697540028.523924, 54
1697540028.543715, 52
1697540028.559851, 52
1697540028.579681, 52
1697540028.598808, 53
1697540028.619646, 53
1697540028.638285, 53
1697540028.652956, 53
1697540028.667250, 53
1697540028.685060, 54
1697540028.703813, 53
1697540028.721191, 54
1697540028.739499, 54
1697540028.757507, 54
1697540028.772667, 54
1697540028.788392, 53
1697540028.805654, 53
1697540028.823956, 54
1697540028.843405, 53
1697540028.861020, 53
1697540028.879444, 54
1697540028.896085, 54
1697540028.915961, 56
1697540028.932174, 54
1697540028.952041, 55
1697540028.968315, 55
1697540028.985574, 55
1697540029.001564, 54
1697540029.019384, 56
1697540029.037132, 54
1697540029.055853, 54
1697540029.074168, 54
1697540029.094417, 54
1697540029.110590, 54
1697540029.129857, 54
1697540029.149397, 54
1697540029.166208, 57
1697540029.184991, 56
1697540029.202666, 56
1697540029.220840, 55
1697540029.239841, 57
1697540029.260259, 55
1697540029.276490, 55
1697540029.293933, 55
1697540029.310948, 54
1697540029.329226, 55
1697540029.349483, 55
1697540029.367462, 55
1697540029.386534, 56
1697540029.403772, 55
1697540029.423866, 57
1697540029.443761, 57
1697540029.457968, 57
1697540029.475532, 56
1697540029.494121, 57
1697540029.511373, 57
1697540029.529049, 57
1697540029.545071, 57
1697540029.559489, 56
1697540029.579364, 56
1697540029.595645, 55
1697540029.611619, 56
1697540029.628636, 55
1697540029.648471, 56
1697540029.668074, 55
1697540029.686239, 58
1697540029.703662, 58
1697540029.722416, 58
1697540029.741819, 58
1697540029.758812, 58
1697540029.778727, 59
1697540029.797676, 59
1697540029.816066, 57
1697540029.833332, 57
1697540029.850928, 57
1697540029.867868, 56
1697540029.886938, 57
1697540029.907646, 57
1697540029.925272, 57
1697540029.944163, 58
1697540029.959793, 58
1697540029.976721, 59
1697540029.996173, 58
1697540030.014619, 57
1697540030.036872, 59
1697540030.054799, 58
1697540030.073869, 58
1697540030.093800, 58
1697540030.111882, 58
1697540030.130679, 58
1697540030.146888, 59
1697540030.165034, 58
1697540030.180619, 58
1697540030.199532, 60
1697540030.216733, 59
1697540030.235095, 59
1697540030.252549, 60
1697540030.271888, 59
1697540030.290020, 59
1697540030.308601, 59
1697540030.326960, 59
1697540030.345076, 58
1697540030.365021, 58
1697540030.382555, 60
1697540030.402645, 59
1697540030.420982, 60
1697540030.440333, 59
1697540030.457591, 59
1697540030.475725, 60
1697540030.495553, 60
1697540030.515700, 60
1697540030.533343, 60
1697540030.552963, 60
1697540030.569490, 59
1697540030.587071, 60
1697540030.604928, 60
1697540030.619431, 58
1697540030.637125, 59
1697540030.654285, 60
1697540030.670064, 59
1697540030.686182, 60
1697540030.706179, 61
1697540030.723665, 62
1697540030.743257, 62
1697540030.759567, 62
1697540030.776713, 61
1697540030.793088, 60
1697540030.810653, 61
1697540030.825982, 61
1697540030.841749, 61
1697540030.861914, 61
1697540030.876831, 60
1697540030.896671, 60
1697540030.912991, 60
1697540030.930592, 60
1697540030.948307, 60
1697540030.968187, 60
1697540030.986638, 60
1697540031.004842, 61
1697540031.023521, 62
1697540031.044280, 62
1697540031.063786, 62
1697540031.081882, 63
1697540031.099467, 62
1697540031.118213, 62
1697540031.132673, 63
1697540031.151551, 61
1697540031.170656, 61
1697540031.190255, 61
1697540031.207640, 61
1697540031.227953, 61
1697540031.245894, 61
1697540031.264095, 63
1697540031.280383, 62
1697540031.298318, 63
1697540031.315719, 62
1697540031.334066, 63
1697540031.354721, 63
1697540031.371428, 63
1697540031.389350, 63
1697540031.403559, 63
1697540031.421579, 63
1697540031.439225, 62
1697540031.457556, 63
1697540031.477238, 62
1697540031.495691, 62
1697540031.514729, 62
1697540031.532152, 63
1697540031.551494, 63
1697540031.567369, 63
1697540031.584902, 63
1697540031.602628, 63
1697540031.618937, 64
1697540031.635489, 63
1697540031.654150, 63
1697540031.667980, 64
1697540031.685804, 64
1697540031.705185, 63
1697540031.723130, 63
1697540031.743713, 64
1697540031.761712, 63
1697540031.781662, 64
1697540031.796514, 63
1697540031.811368, 64
1697540031.829357, 65
1697540031.848430, 65
1697540031.867894, 65
1697540031.884885, 64
1697540031.901996, 64
1697540031.921615, 65
1697540031.937294, 65
1697540031.955662, 64
1697540031.974743, 63
1697540031.990160, 63
1697540032.007938, 65
1697540032.026849, 62
1697540032.046840, 66
1697540032.066830, 65
1697540032.087646, 66
1697540032.108630, 67
1697540032.126303, 67
1697540032.143942, 66
1697540032.161507, 66
1697540032.180058, 66
1697540032.200813, 65
1697540032.220899, 66
1697540032.239652, 65
1697540032.258754, 64
1697540032.274768, 65
1697540032.294826, 64
1697540032.312681, 63
1697540032.330220, 64
1697540032.347786, 65
1697540032.367140, 65
1697540032.387574, 66
1697540032.403208, 66
1697540032.422476, 66
1697540032.442906, 66
1697540032.461514, 66
1697540032.481130, 66
1697540032.501016, 66
1697540032.519077, 66
