1697539912.800378, 0
1697539912.818728, 0
1697539912.833338, 0
1697539912.851263, 0
1697539912.865778, 0
1697539912.884924, 4
1697539912.903410, 10
1697539912.925598, 10
1697539912.944408, 10
1697539912.963937, 10
1697539912.983715, 10
1697539913.001830, 8
1697539913.019734, 7
1697539913.038673, 10
1697539913.057528, 6
1697539913.075137, 5
1697539913.092058, 4
1697539913.111471, 3
1697539913.129269, 1
1697539913.145030, 0
1697539913.162060, 1
1697539913.180708, 2
1697539913.199080, 2
1697539913.218766, 1
1697539913.234109, 2
1697539913.251258, 1
1697539913.270378, 2
1697539913.290856, 3
1697539913.307974, 2
1697539913.324925, 1
1697539913.343863, 3
1697539913.361203, 3
1697539913.378335, 3
1697539913.396642, 3
1697539913.414784, 4
1697539913.431691, 4
1697539913.449205, 4
1697539913.467537, 4
1697539913.486166, 5
1697539913.501424, 6
1697539913.515503, 7
1697539913.530225, 6
1697539913.547874, 6
1697539913.564112, 5
1697539913.578776, 5
1697539913.596180, 6
1697539913.615013, 7
1697539913.632230, 6
1697539913.647852, 8
1697539913.667130, 8
1697539913.689170, 7
1697539913.707433, 9
1697539913.723140, 7
1697539913.742399, 9
1697539913.762118, 9
1697539913.781974, 10
1697539913.802065, 8
1697539913.822104, 9
1697539913.837139, 7
1697539913.858073, 3
1697539913.878594, 2
1697539913.897308, 3
1697539913.917363, 4
1697539913.936904, 4
1697539913.955813, 3
1697539913.975731, 4
1697539913.991821, 3
1697539914.008840, 3
1697539914.027679, 4
1697539914.045636, 6
1697539914.063698, 6
1697539914.082833, 5
1697539914.099901, 6
1697539914.119022, 5
1697539914.137364, 6
1697539914.152130, 6
1697539914.166550, 7
1697539914.183167, 6
1697539914.200156, 7
1697539914.217800, 8
1697539914.236624, 7
1697539914.257289, 8
1697539914.277748, 8
1697539914.296473, 9
1697539914.313789, 10
1697539914.332829, 9
1697539914.350550, 10
1697539914.369002, 8
1697539914.385687, 8
1697539914.404104, 8
1697539914.424053, 5
1697539914.443892, 2
1697539914.465690, 2
1697539914.485896, 4
1697539914.506768, 2
1697539914.522720, 3
1697539914.541155, 4
1697539914.559421, 5
1697539914.579669, 3
1697539914.596700, 5
1697539914.615509, 5
1697539914.635033, 4
1697539914.650598, 6
1697539914.667168, 5
1697539914.685156, 6
1697539914.704749, 6
1697539914.719554, 6
1697539914.735105, 6
1697539914.752290, 6
1697539914.767793, 8
1697539914.784539, 7
1697539914.801050, 7
1697539914.818608, 8
1697539914.834760, 8
1697539914.850799, 9
1697539914.869658, 8
1697539914.886653, 9
1697539914.904421, 9
1697539914.918704, 8
1697539914.933968, 9
1697539914.950619, 6
1697539914.971563, 3
1697539914.987337, 2
1697539915.005847, 3
1697539915.023537, 1
1697539915.042934, 4
1697539915.061812, 2
1697539915.076362, 3
1697539915.091934, 3
1697539915.107816, 2
1697539915.124164, 5
1697539915.140500, 5
1697539915.156973, 4
1697539915.174123, 5
1697539915.192338, 5
1697539915.209349, 6
1697539915.230222, 6
1697539915.249258, 7
1697539915.266703, 6
1697539915.286549, 7
1697539915.307981, 8
1697539915.323184, 9
1697539915.337932, 9
1697539915.357439, 8
1697539915.374699, 9
1697539915.389592, 9
1697539915.403935, 8
1697539915.421751, 8
1697539915.440599, 9
1697539915.459889, 10
1697539915.479290, 9
1697539915.495916, 10
1697539915.515500, 9
1697539915.532251, 6
1697539915.553350, 2
1697539915.571089, 4
1697539915.587634, 4
1697539915.607230, 2
1697539915.624716, 3
1697539915.642012, 3
1697539915.658394, 4
1697539915.674533, 5
1697539915.691849, 4
1697539915.706963, 5
1697539915.723808, 5
1697539915.742544, 5
1697539915.759206, 5
1697539915.777373, 7
1697539915.798240, 6
1697539915.818899, 6
1697539915.838596, 7
1697539915.857656, 6
1697539915.877718, 8
1697539915.896352, 7
1697539915.916362, 8
1697539915.934371, 8
1697539915.952596, 8
1697539915.968968, 8
1697539915.987426, 9
1697539916.005271, 8
1697539916.022194, 10
1697539916.038830, 8
1697539916.054633, 9
1697539916.072754, 8
1697539916.090028, 8
1697539916.105914, 2
1697539916.127976, 4
1697539916.147906, 3
1697539916.167918, 2
1697539916.186660, 3
1697539916.202076, 4
1697539916.217699, 4
1697539916.235833, 4
1697539916.250994, 4
1697539916.268944, 4
1697539916.288007, 6
1697539916.305636, 5
1697539916.323621, 6
1697539916.341085, 6
1697539916.360435, 7
1697539916.376426, 6
1697539916.395569, 7
1697539916.415407, 6
1697539916.430162, 8
1697539916.449389, 7
1697539916.470893, 8
1697539916.491172, 8
1697539916.510571, 8
1697539916.531459, 8
1697539916.553362, 10
1697539916.570352, 8
1697539916.588773, 10
1697539916.607111, 9
1697539916.623261, 8
1697539916.645418, 6
1697539916.664854, 2
1697539916.686860, 2
1697539916.709042, 3
1697539916.727974, 3
1697539916.747899, 4
1697539916.767787, 3
1697539916.788042, 4
1697539916.807852, 5
1697539916.828044, 6
1697539916.847245, 5
1697539916.869448, 5
1697539916.891002, 6
1697539916.912348, 5
1697539916.931553, 7
1697539916.951850, 7
1697539916.970096, 6
1697539916.990776, 9
1697539917.012511, 6
1697539917.031873, 9
1697539917.051807, 9
1697539917.071043, 8
1697539917.089179, 8
1697539917.107917, 9
1697539917.125106, 9
1697539917.143708, 10
1697539917.162323, 9
1697539917.179112, 9
1697539917.194145, 9
1697539917.211057, 6
1697539917.228345, 2
1697539917.249760, 1
1697539917.268017, 3
1697539917.284699, 2
1697539917.301103, 3
1697539917.318716, 3
1697539917.336055, 4
1697539917.352550, 4
1697539917.369638, 4
1697539917.389138, 5
1697539917.408245, 6
1697539917.425364, 5
1697539917.445995, 7
1697539917.463313, 6
1697539917.478455, 6
1697539917.495484, 6
1697539917.512261, 7
1697539917.529646, 7
1697539917.548870, 7
1697539917.566649, 7
1697539917.587450, 8
1697539917.606581, 9
1697539917.627402, 8
1697539917.642644, 9
1697539917.660519, 9
1697539917.680051, 9
1697539917.701021, 9
1697539917.718194, 10
1697539917.735773, 9
1697539917.753994, 9
1697539917.769544, 6
1697539917.786664, 2
1697539917.801285, 3
1697539917.816325, 2
1697539917.834869, 2
1697539917.854678, 4
1697539917.875389, 4
1697539917.895929, 4
1697539917.914864, 3
1697539917.933095, 4
1697539917.950278, 5
1697539917.968282, 4
1697539917.987672, 7
1697539918.004999, 7
1697539918.024200, 6
1697539918.042202, 7
1697539918.059971, 6
1697539918.079605, 7
1697539918.095746, 8
1697539918.113638, 8
1697539918.131924, 8
1697539918.149166, 9
1697539918.168932, 8
1697539918.184018, 8
1697539918.203315, 8
1697539918.217950, 10
1697539918.233854, 9
1697539918.250892, 10
1697539918.267546, 10
1697539918.281757, 9
1697539918.298853, 9
1697539918.318419, 7
1697539918.336818, 4
1697539918.354462, 3
1697539918.373034, 1
1697539918.389274, 3
1697539918.405061, 3
1697539918.425321, 4
1697539918.445530, 3
1697539918.465480, 4
1697539918.487114, 4
1697539918.502655, 4
1697539918.518457, 5
1697539918.537164, 6
1697539918.554721, 6
1697539918.570802, 6
1697539918.587745, 5
1697539918.605550, 7
1697539918.623672, 7
1697539918.638675, 7
1697539918.658531, 8
1697539918.677811, 8
1697539918.697802, 8
1697539918.717247, 8
1697539918.736597, 8
1697539918.755789, 9
1697539918.774653, 10
1697539918.794423, 8
1697539918.813513, 9
1697539918.833213, 7
1697539918.852769, 8
1697539918.870948, 8
1697539918.886853, 1
1697539918.906082, 2
1697539918.924440, 2
1697539918.939619, 3
1697539918.959472, 3
1697539918.979065, 2
1697539918.996585, 4
1697539919.014763, 4
1697539919.032786, 4
1697539919.049032, 5
1697539919.066044, 4
1697539919.085094, 4
1697539919.103607, 6
1697539919.120449, 6
1697539919.140696, 6
1697539919.158517, 6
1697539919.178355, 6
1697539919.195654, 6
1697539919.213586, 8
1697539919.233049, 8
1697539919.253091, 8
1697539919.270003, 8
1697539919.287947, 8
1697539919.305853, 8
1697539919.326255, 9
1697539919.346493, 8
1697539919.365455, 9
1697539919.387050, 9
1697539919.404974, 8
1697539919.420240, 10
1697539919.438528, 10
1697539919.455354, 8
1697539919.470800, 4
1697539919.486185, 2
1697539919.502647, 3
1697539919.518117, 2
1697539919.536913, 2
1697539919.556943, 4
1697539919.573357, 3
1697539919.590975, 3
1697539919.607304, 4
1697539919.625106, 5
1697539919.640232, 4
1697539919.657628, 5
1697539919.673777, 5
1697539919.692936, 6
1697539919.710571, 6
1697539919.730847, 6
1697539919.746467, 7
1697539919.768638, 7
1697539919.787937, 7
1697539919.802547, 8
1697539919.822689, 8
1697539919.841953, 8
1697539919.862328, 8
1697539919.879673, 9
1697539919.895212, 9
1697539919.913677, 8
1697539919.931574, 9
1697539919.949331, 9
1697539919.965805, 10
1697539919.985298, 9
1697539920.004160, 9
1697539920.022204, 9
1697539920.037925, 9
1697539920.053104, 3
1697539920.071429, 2
1697539920.088718, 2
1697539920.105221, 4
1697539920.120352, 4
1697539920.140282, 3
1697539920.156772, 5
1697539920.171402, 4
1697539920.191470, 5
1697539920.210620, 6
1697539920.231809, 5
1697539920.253177, 5
1697539920.269938, 6
1697539920.289921, 6
1697539920.307894, 7
1697539920.326883, 7
1697539920.346864, 7
1697539920.365875, 8
1697539920.384290, 8
1697539920.401947, 8
1697539920.422253, 9
1697539920.441202, 8
1697539920.458940, 8
1697539920.475600, 9
1697539920.491696, 9
1697539920.507430, 9
1697539920.527822, 9
1697539920.547464, 9
1697539920.566524, 10
1697539920.586177, 8
1697539920.604749, 3
1697539920.623399, 1
1697539920.643485, 3
1697539920.662950, 3
1697539920.681026, 3
1697539920.702681, 3
1697539920.718599, 4
1697539920.739590, 5
1697539920.759561, 6
1697539920.778933, 4
1697539920.794560, 5
1697539920.813742, 6
1697539920.828789, 6
1697539920.846780, 6
1697539920.864200, 7
1697539920.880929, 7
1697539920.897228, 6
1697539920.915712, 7
1697539920.935840, 7
1697539920.955848, 7
1697539920.974220, 9
1697539920.991795, 8
1697539921.009439, 9
1697539921.028589, 9
1697539921.048911, 9
1697539921.068533, 9
1697539921.088039, 10
1697539921.108782, 9
1697539921.126389, 9
1697539921.144338, 8
1697539921.162405, 3
1697539921.180569, 2
1697539921.194997, 3
1697539921.214808, 2
1697539921.232388, 2
1697539921.250436, 4
1697539921.267991, 4
1697539921.287231, 4
1697539921.306170, 5
1697539921.324889, 5
1697539921.343723, 6
1697539921.362732, 5
1697539921.381252, 6
1697539921.399155, 5
1697539921.417715, 6
1697539921.434509, 5
1697539921.450486, 7
1697539921.469460, 7
1697539921.488620, 7
1697539921.506631, 8
1697539921.522881, 8
1697539921.539089, 8
1697539921.555736, 8
1697539921.572207, 9
1697539921.587288, 9
1697539921.602555, 8
1697539921.619013, 9
1697539921.636698, 9
1697539921.652645, 8
1697539921.669283, 8
1697539921.686392, 10
1697539921.701088, 9
1697539921.715816, 9
1697539921.734374, 8
1697539921.750705, 2
1697539921.767742, 3
1697539921.783406, 3
1697539921.802027, 3
1697539921.816509, 3
1697539921.835032, 4
1697539921.850133, 4
1697539921.868372, 4
1697539921.882880, 5
1697539921.898138, 5
1697539921.916518, 5
1697539921.933516, 6
1697539921.948896, 6
1697539921.967448, 5
1697539921.982356, 6
1697539921.997212, 6
1697539922.016564, 7
1697539922.036580, 7
1697539922.054723, 7
1697539922.069750, 7
1697539922.083763, 7
1697539922.099644, 7
1697539922.115134, 9
1697539922.133046, 9
1697539922.149853, 8
1697539922.164606, 9
1697539922.180503, 10
1697539922.200163, 9
1697539922.219308, 9
1697539922.236199, 9
1697539922.253586, 9
1697539922.267757, 8
1697539922.283416, 9
1697539922.300867, 6
1697539922.315786, 3
1697539922.332473, 3
1697539922.348033, 2
1697539922.363530, 3
1697539922.381831, 4
1697539922.398804, 3
1697539922.415485, 4
1697539922.433244, 4
1697539922.448643, 4
1697539922.462823, 5
1697539922.482552, 5
1697539922.496821, 5
1697539922.515547, 6
1697539922.531241, 6
1697539922.549442, 6
1697539922.566808, 6
1697539922.583416, 6
1697539922.598795, 7
1697539922.614972, 8
1697539922.629725, 6
1697539922.646371, 7
1697539922.660693, 7
1697539922.677799, 8
1697539922.696856, 8
1697539922.711315, 8
1697539922.725573, 10
1697539922.743945, 9
1697539922.759358, 10
1697539922.776465, 9
1697539922.791543, 10
1697539922.807381, 9
1697539922.823484, 10
1697539922.838062, 9
1697539922.855332, 6
1697539922.871421, 3
1697539922.886762, 1
1697539922.901957, 3
1697539922.917999, 2
1697539922.939969, 4
1697539922.955641, 3
1697539922.970904, 4
1697539922.986563, 5
1697539923.002709, 4
1697539923.018211, 5
1697539923.034161, 5
1697539923.049078, 6
1697539923.064307, 5
1697539923.080087, 6
1697539923.095858, 6
1697539923.111099, 7
1697539923.125356, 6
1697539923.142493, 7
1697539923.158501, 6
1697539923.173816, 7
1697539923.188596, 7
1697539923.206102, 8
1697539923.222798, 9
1697539923.240386, 7
1697539923.255612, 8
1697539923.270875, 10
1697539923.286748, 9
1697539923.302275, 9
1697539923.316936, 9
1697539923.332533, 9
1697539923.347865, 10
1697539923.362926, 8
1697539923.378115, 10
1697539923.396672, 8
1697539923.415336, 9
1697539923.430505, 2
1697539923.451826, 2
1697539923.470477, 3
1697539923.488411, 2
1697539923.503434, 3
1697539923.526481, 4
1697539923.543260, 3
1697539923.561489, 5
1697539923.577461, 4
1697539923.593723, 5
1697539923.609542, 5
1697539923.626194, 5
1697539923.641155, 5
1697539923.658947, 6
1697539923.675097, 6
1697539923.693381, 6
1697539923.708580, 6
1697539923.725107, 8
1697539923.743488, 6
1697539923.761545, 7
1697539923.777510, 8
1697539923.792779, 8
1697539923.807755, 9
1697539923.823064, 9
1697539923.840816, 9
1697539923.858808, 8
1697539923.874641, 10
1697539923.892979, 9
1697539923.910106, 9
1697539923.926465, 10
1697539923.945455, 10
1697539923.964546, 9
1697539923.984934, 9
1697539924.002958, 2
1697539924.023800, 1
1697539924.042318, 3
1697539924.062149, 2
1697539924.080336, 3
1697539924.100710, 4
1697539924.117359, 4
1697539924.136225, 5
1697539924.157783, 6
1697539924.177931, 5
1697539924.199172, 6
1697539924.219799, 6
1697539924.240602, 7
1697539924.259334, 7
1697539924.278478, 7
1697539924.298209, 6
1697539924.317595, 7
1697539924.339888, 7
1697539924.360014, 7
1697539924.382789, 8
1697539924.404133, 8
1697539924.423399, 9
1697539924.442476, 8
1697539924.463692, 10
1697539924.482201, 9
1697539924.503022, 9
1697539924.520801, 10
1697539924.538659, 9
1697539924.559003, 3
1697539924.577277, 2
1697539924.594161, 3
1697539924.611134, 2
1697539924.627411, 3
1697539924.646545, 4
1697539924.664203, 4
1697539924.681060, 3
1697539924.697656, 4
1697539924.714847, 6
1697539924.730009, 5
1697539924.748442, 5
1697539924.766986, 6
1697539924.788029, 5
1697539924.805888, 7
1697539924.821481, 6
1697539924.839820, 7
1697539924.857851, 6
1697539924.875803, 7
1697539924.892516, 7
1697539924.909949, 8
1697539924.927543, 8
1697539924.947428, 8
1697539924.967427, 9
1697539924.986500, 9
1697539925.006793, 9
1697539925.026886, 10
1697539925.046447, 10
1697539925.065802, 9
1697539925.083365, 9
1697539925.102084, 9
1697539925.121954, 9
1697539925.141491, 7
1697539925.161368, 2
1697539925.181825, 3
1697539925.203701, 3
1697539925.224460, 3
1697539925.244648, 4
1697539925.266350, 4
1697539925.283173, 4
1697539925.302678, 4
1697539925.324610, 5
1697539925.343808, 6
1697539925.365078, 6
1697539925.382912, 6
1697539925.400816, 6
1697539925.420122, 7
1697539925.438123, 7
1697539925.456700, 8
1697539925.474158, 8
1697539925.494189, 8
1697539925.513326, 8
1697539925.533157, 8
1697539925.552133, 7
1697539925.571650, 9
1697539925.589928, 9
1697539925.608096, 9
1697539925.625002, 10
1697539925.643226, 10
1697539925.658885, 9
1697539925.677233, 10
1697539925.696226, 8
1697539925.714540, 1
1697539925.733624, 2
1697539925.751051, 4
1697539925.771028, 3
1697539925.789831, 3
1697539925.810036, 5
1697539925.831765, 3
1697539925.853188, 4
1697539925.873000, 6
1697539925.892863, 5
1697539925.914616, 6
1697539925.937811, 6
1697539925.957755, 7
1697539925.980035, 6
1697539925.999314, 6
1697539926.021437, 7
1697539926.041696, 7
1697539926.063532, 8
1697539926.081592, 8
1697539926.101085, 8
1697539926.121296, 10
1697539926.143092, 9
1697539926.159914, 9
1697539926.179890, 9
1697539926.199618, 9
1697539926.218168, 9
1697539926.235147, 9
1697539926.255815, 8
1697539926.276843, 4
1697539926.295657, 1
1697539926.314371, 3
1697539926.333941, 2
1697539926.351786, 3
1697539926.371624, 4
1697539926.390748, 3
1697539926.410138, 4
1697539926.427664, 5
1697539926.448176, 5
1697539926.465583, 4
1697539926.483223, 5
1697539926.503242, 5
1697539926.523452, 7
1697539926.541054, 5
1697539926.555027, 7
1697539926.574677, 8
1697539926.594900, 7
1697539926.611567, 8
1697539926.631237, 8
1697539926.650729, 7
1697539926.669474, 8
1697539926.691079, 9
1697539926.707257, 9
1697539926.727632, 10
1697539926.745131, 9
1697539926.765303, 10
1697539926.782655, 9
1697539926.799422, 9
1697539926.817256, 8
1697539926.834472, 7
1697539926.849830, 2
1697539926.870188, 3
1697539926.889616, 3
1697539926.907643, 3
1697539926.924038, 3
1697539926.939576, 3
1697539926.955244, 4
1697539926.971550, 4
1697539926.989838, 3
1697539927.008194, 4
1697539927.027819, 5
1697539927.046241, 6
1697539927.063637, 5
1697539927.081298, 6
1697539927.100330, 7
1697539927.119624, 8
1697539927.136034, 7
1697539927.152787, 8
1697539927.172770, 7
1697539927.191895, 8
1697539927.207139, 8
1697539927.223512, 9
1697539927.243699, 8
1697539927.264525, 8
1697539927.282217, 9
1697539927.302265, 9
1697539927.320581, 10
1697539927.337582, 9
1697539927.353905, 9
1697539927.373091, 9
1697539927.391721, 9
1697539927.410538, 3
1697539927.429279, 2
1697539927.447588, 3
1697539927.467582, 2
1697539927.486484, 4
1697539927.504403, 3
1697539927.522596, 4
1697539927.539860, 5
1697539927.559431, 4
1697539927.576517, 6
1697539927.594125, 4
1697539927.612132, 5
1697539927.631721, 6
1697539927.648806, 6
1697539927.669310, 6
1697539927.688803, 6
1697539927.709155, 6
1697539927.724467, 7
1697539927.743851, 7
1697539927.762627, 7
1697539927.780918, 8
1697539927.799632, 8
1697539927.819493, 8
1697539927.839618, 9
1697539927.858007, 9
1697539927.874646, 10
1697539927.890994, 9
1697539927.907029, 8
1697539927.926963, 8
1697539927.943811, 9
1697539927.958335, 7
1697539927.978808, 3
1697539927.995160, 2
1697539928.011647, 2
1697539928.029622, 3
1697539928.048011, 4
1697539928.062381, 3
1697539928.080906, 4
1697539928.098041, 4
1697539928.116851, 4
1697539928.135555, 5
1697539928.155480, 5
1697539928.173073, 5
1697539928.194501, 6
1697539928.212013, 7
1697539928.228168, 6
1697539928.245784, 7
1697539928.265036, 6
1697539928.283756, 7
1697539928.302292, 7
1697539928.321675, 7
1697539928.340863, 9
1697539928.361217, 8
1697539928.375807, 8
1697539928.395864, 9
1697539928.413763, 9
1697539928.428842, 10
1697539928.442691, 9
1697539928.459285, 9
1697539928.478016, 8
1697539928.497162, 10
1697539928.513213, 8
1697539928.533873, 3
1697539928.554553, 2
1697539928.570223, 3
1697539928.585058, 2
1697539928.606383, 4
1697539928.625613, 4
1697539928.643706, 3
1697539928.663815, 5
1697539928.683411, 4
1697539928.698757, 4
1697539928.712870, 5
1697539928.730898, 6
1697539928.746423, 5
1697539928.766049, 7
1697539928.784217, 6
1697539928.802662, 7
1697539928.824093, 7
1697539928.842659, 6
1697539928.862532, 8
1697539928.883445, 8
1697539928.901756, 8
1697539928.919310, 8
1697539928.937096, 9
1697539928.956575, 9
1697539928.975743, 10
1697539928.992750, 10
1697539929.011513, 9
1697539929.027555, 8
1697539929.047161, 9
1697539929.065301, 9
1697539929.081979, 6
1697539929.102834, 3
1697539929.122657, 4
1697539929.143749, 2
1697539929.163615, 3
1697539929.179146, 3
1697539929.196653, 3
1697539929.215649, 3
1697539929.233328, 4
1697539929.247597, 5
1697539929.267806, 4
1697539929.284965, 5
1697539929.303946, 5
1697539929.321663, 7
1697539929.338346, 6
1697539929.355679, 5
1697539929.370555, 7
1697539929.385341, 7
1697539929.403604, 7
1697539929.421577, 7
1697539929.440252, 8
1697539929.455256, 8
1697539929.471900, 9
1697539929.488786, 10
1697539929.505430, 8
1697539929.523163, 8
1697539929.540211, 9
1697539929.556674, 9
1697539929.575647, 10
1697539929.595864, 9
1697539929.610982, 9
1697539929.628656, 10
1697539929.643665, 9
1697539929.663128, 1
1697539929.680310, 3
1697539929.695366, 2
1697539929.713168, 3
1697539929.729616, 3
1697539929.744007, 3
1697539929.760508, 4
1697539929.775559, 4
1697539929.789560, 3
1697539929.808362, 5
1697539929.827404, 5
1697539929.844256, 4
1697539929.858731, 5
1697539929.873923, 5
1697539929.889661, 5
1697539929.904905, 7
1697539929.920363, 6
1697539929.937829, 6
1697539929.954171, 7
1697539929.969112, 7
1697539929.988919, 8
1697539930.003008, 6
1697539930.022304, 7
1697539930.042123, 9
1697539930.059004, 8
1697539930.073624, 9
1697539930.090433, 8
1697539930.106851, 10
1697539930.122364, 9
1697539930.137739, 10
1697539930.152244, 10
1697539930.172343, 10
1697539930.190958, 9
1697539930.205830, 10
1697539930.221489, 9
1697539930.239282, 10
1697539930.254986, 8
1697539930.270596, 4
1697539930.288485, 2
1697539930.304859, 3
1697539930.320287, 2
1697539930.336149, 2
1697539930.352200, 3
1697539930.370302, 3
1697539930.389784, 4
1697539930.408136, 4
1697539930.427707, 6
1697539930.447746, 5
1697539930.466818, 6
1697539930.483103, 6
1697539930.500418, 6
1697539930.517097, 7
1697539930.531648, 6
1697539930.550521, 7
1697539930.567435, 7
1697539930.584405, 7
1697539930.602824, 8
1697539930.618081, 7
1697539930.637324, 8
1697539930.652741, 8
1697539930.669830, 8
1697539930.686268, 9
1697539930.703211, 10
1697539930.717494, 9
1697539930.733271, 9
1697539930.751922, 9
1697539930.767957, 8
1697539930.786068, 9
1697539930.805276, 8
1697539930.822611, 9
1697539930.837652, 3
1697539930.853256, 2
1697539930.870698, 2
1697539930.887080, 3
1697539930.904171, 1
1697539930.920590, 5
1697539930.935974, 4
1697539930.951400, 4
1697539930.966894, 4
1697539930.981279, 5
1697539930.996950, 5
1697539931.013331, 5
1697539931.027687, 6
1697539931.042356, 5
1697539931.059083, 6
1697539931.078386, 6
1697539931.096471, 6
1697539931.116216, 7
1697539931.132890, 7
1697539931.150937, 7
1697539931.166228, 7
1697539931.182803, 7
1697539931.201038, 9
1697539931.217337, 8
1697539931.231676, 7
1697539931.246222, 9
1697539931.265296, 9
1697539931.282110, 8
1697539931.301264, 9
1697539931.319175, 9
1697539931.336200, 9
1697539931.351714, 9
1697539931.368825, 9
1697539931.383914, 8
1697539931.398622, 5
1697539931.412563, 3
1697539931.428956, 2
1697539931.446167, 2
1697539931.461466, 2
1697539931.476056, 4
1697539931.492733, 3
1697539931.507208, 3
1697539931.522319, 4
1697539931.536467, 4
1697539931.552531, 5
1697539931.567688, 4
1697539931.585336, 5
1697539931.600684, 6
1697539931.614820, 5
1697539931.631442, 5
1697539931.647844, 6
1697539931.663796, 6
1697539931.678976, 7
1697539931.695504, 7
1697539931.711118, 7
1697539931.727643, 7
1697539931.746396, 8
1697539931.762835, 8
1697539931.777730, 8
1697539931.791989, 9
1697539931.807432, 8
1697539931.823092, 9
1697539931.840227, 8
1697539931.855021, 9
1697539931.869757, 9
1697539931.883609, 9
1697539931.898012, 9
1697539931.912708, 9
1697539931.928071, 9
1697539931.943365, 9
1697539931.960609, 9
1697539931.976677, 6
1697539931.991591, 2
1697539932.006653, 1
1697539932.023450, 3
1697539932.039526, 2
1697539932.057377, 4
1697539932.073388, 3
1697539932.088050, 4
1697539932.107420, 4
1697539932.124284, 3
1697539932.141379, 5
1697539932.157935, 5
1697539932.175638, 5
1697539932.190169, 6
1697539932.205521, 6
1697539932.221148, 5
1697539932.236656, 6
1697539932.252278, 8
1697539932.268458, 6
1697539932.289208, 7
1697539932.308065, 8
1697539932.328391, 7
1697539932.344293, 8
1697539932.363742, 9
1697539932.380387, 8
1697539932.396639, 8
1697539932.410773, 9
1697539932.427856, 9
1697539932.442701, 9
1697539932.459498, 9
1697539932.473692, 9
1697539932.489117, 8
1697539932.503843, 8
1697539932.519789, 9
1697539932.534475, 7
1697539932.551333, 3
1697539932.566375, 1
1697539932.584226, 3
1697539932.600236, 3
1697539932.618613, 3
1697539932.638995, 3
1697539932.653783, 3
1697539932.672248, 5
1697539932.687251, 5
1697539932.702576, 5
1697539932.717231, 5
1697539932.732998, 5
1697539932.751022, 4
1697539932.765924, 5
1697539932.781390, 6
1697539932.796951, 6
1697539932.813043, 6
1697539932.828922, 6
1697539932.846667, 7
1697539932.864189, 8
1697539932.880222, 6
1697539932.897133, 7
1697539932.914914, 8
1697539932.932095, 8
1697539932.947806, 8
1697539932.963553, 9
1697539932.978912, 9
1697539932.994074, 9
1697539933.009574, 9
1697539933.023328, 9
1697539933.038340, 10
1697539933.052601, 9
1697539933.069556, 9
1697539933.088231, 9
1697539933.105113, 9
1697539933.120624, 8
1697539933.136297, 4
1697539933.150793, 3
1697539933.167758, 1
1697539933.183392, 3
1697539933.200109, 2
1697539933.214843, 4
1697539933.231114, 3
1697539933.247481, 4
1697539933.266218, 4
1697539933.283134, 4
1697539933.299411, 5
1697539933.314703, 5
1697539933.332643, 6
1697539933.349276, 6
1697539933.365945, 5
1697539933.387896, 6
1697539933.408065, 7
1697539933.428133, 6
1697539933.443893, 7
1697539933.461310, 6
1697539933.476509, 8
1697539933.491629, 7
1697539933.507763, 6
1697539933.522910, 9
1697539933.538635, 7
1697539933.553944, 8
1697539933.571476, 9
1697539933.588490, 8
1697539933.605082, 9
1697539933.619097, 9
1697539933.634607, 10
1697539933.650270, 9
1697539933.666088, 10
1697539933.681205, 9
1697539933.697553, 5
1697539933.712024, 3
1697539933.729660, 3
1697539933.746618, 2
1697539933.764785, 3
1697539933.780547, 2
1697539933.794971, 3
1697539933.810161, 4
1697539933.826005, 4
1697539933.840576, 5
1697539933.859063, 4
1697539933.873937, 4
1697539933.888011, 6
1697539933.903231, 5
1697539933.918275, 7
1697539933.933354, 6
1697539933.949752, 6
1697539933.968264, 6
1697539933.984561, 7
1697539934.000992, 6
1697539934.018188, 7
1697539934.033686, 7
1697539934.048466, 7
1697539934.064130, 9
1697539934.080610, 8
1697539934.096731, 8
1697539934.111843, 8
1697539934.126781, 9
1697539934.143734, 9
1697539934.158858, 9
1697539934.174218, 9
1697539934.190186, 10
1697539934.209375, 9
1697539934.227750, 9
1697539934.243330, 9
1697539934.258680, 6
1697539934.273597, 3
1697539934.289533, 2
1697539934.306098, 3
1697539934.321582, 3
1697539934.337700, 2
1697539934.354996, 3
1697539934.372008, 5
1697539934.387694, 3
1697539934.403763, 4
1697539934.420401, 4
1697539934.437271, 4
1697539934.453849, 5
1697539934.469299, 5
1697539934.485028, 5
1697539934.501481, 5
1697539934.516273, 6
1697539934.531182, 6
1697539934.549901, 6
1697539934.567498, 7
1697539934.584287, 7
1697539934.602846, 8
1697539934.620076, 8
1697539934.635765, 7
1697539934.654030, 8
1697539934.670641, 8
1697539934.686166, 9
1697539934.701777, 8
1697539934.717462, 9
1697539934.733282, 10
1697539934.750750, 9
1697539934.766034, 9
1697539934.780898, 10
1697539934.796514, 9
1697539934.811861, 8
1697539934.831416, 9
1697539934.852087, 5
1697539934.869470, 2
1697539934.886156, 4
1697539934.903546, 2
1697539934.918887, 2
1697539934.936290, 3
1697539934.952127, 3
1697539934.967850, 5
1697539934.983552, 4
1697539934.998539, 4
1697539935.014010, 5
1697539935.032883, 6
1697539935.049506, 5
1697539935.064696, 5
1697539935.079202, 6
1697539935.093520, 5
1697539935.109247, 7
1697539935.124538, 7
1697539935.140041, 7
1697539935.155440, 6
1697539935.170742, 7
1697539935.185597, 7
1697539935.201419, 8
1697539935.217309, 8
1697539935.232454, 8
1697539935.247831, 8
1697539935.263658, 9
1697539935.280756, 9
1697539935.295237, 10
1697539935.311294, 9
1697539935.326022, 9
1697539935.343174, 8
1697539935.358642, 8
1697539935.373978, 8
1697539935.390996, 8
1697539935.406914, 7
1697539935.422807, 2
1697539935.439093, 2
1697539935.454057, 4
1697539935.468919, 2
1697539935.485649, 3
1697539935.501298, 3
1697539935.516849, 3
1697539935.532420, 4
1697539935.552059, 4
1697539935.570115, 5
1697539935.587084, 5
1697539935.603744, 6
1697539935.622151, 4
1697539935.640549, 6
1697539935.657548, 5
1697539935.674357, 7
1697539935.691472, 6
1697539935.706955, 6
1697539935.724885, 6
1697539935.742349, 7
1697539935.758774, 5
1697539935.775660, 7
1697539935.790511, 8
1697539935.807244, 8
1697539935.823375, 8
1697539935.843426, 9
1697539935.863799, 9
1697539935.881316, 9
1697539935.901210, 9
1697539935.917636, 10
1697539935.934814, 9
1697539935.952863, 8
1697539935.972023, 9
1697539935.988385, 9
1697539936.005162, 7
1697539936.021281, 3
1697539936.038645, 2
1697539936.057663, 2
1697539936.074916, 3
1697539936.097228, 3
1697539936.114439, 3
1697539936.132838, 3
1697539936.149806, 3
1697539936.163694, 5
1697539936.178622, 6
1697539936.196249, 5
1697539936.213104, 5
1697539936.229701, 6
1697539936.245553, 5
1697539936.260207, 6
1697539936.277991, 6
1697539936.293506, 8
1697539936.310178, 7
1697539936.327362, 6
1697539936.343785, 7
1697539936.360792, 8
1697539936.376075, 7
1697539936.392920, 8
1697539936.410167, 8
1697539936.427756, 8
1697539936.443351, 9
1697539936.460130, 8
1697539936.476725, 9
1697539936.495146, 9
1697539936.512107, 9
1697539936.527159, 8
1697539936.542975, 9
1697539936.559740, 9
1697539936.578271, 1
1697539936.596732, 2
1697539936.613245, 2
1697539936.631341, 2
1697539936.646900, 3
1697539936.661404, 4
1697539936.677678, 3
1697539936.694054, 4
1697539936.710459, 3
1697539936.727045, 4
1697539936.742594, 4
1697539936.757901, 5
1697539936.775582, 5
1697539936.791748, 6
1697539936.810475, 5
1697539936.827485, 6
1697539936.844739, 6
1697539936.860921, 7
1697539936.878734, 6
1697539936.894595, 7
1697539936.911907, 7
1697539936.928043, 7
1697539936.945668, 8
1697539936.961728, 7
1697539936.976490, 7
1697539936.992667, 9
1697539937.007349, 9
1697539937.023569, 8
1697539937.038434, 9
1697539937.054698, 9
1697539937.070401, 8
1697539937.088224, 8
1697539937.102660, 9
1697539937.119873, 9
1697539937.134939, 6
1697539937.150743, 4
1697539937.166354, 1
1697539937.181523, 3
1697539937.198174, 3
1697539937.213948, 2
1697539937.232231, 3
1697539937.248944, 3
1697539937.265511, 3
1697539937.283107, 4
1697539937.299365, 4
1697539937.315802, 4
1697539937.333097, 5
1697539937.348421, 7
1697539937.365347, 5
1697539937.381407, 6
1697539937.398068, 6
1697539937.414364, 6
1697539937.434337, 6
1697539937.453205, 7
1697539937.470409, 6
1697539937.488020, 7
1697539937.506272, 8
1697539937.523902, 8
1697539937.542690, 8
1697539937.562461, 8
1697539937.581515, 9
1697539937.598604, 8
1697539937.616514, 9
1697539937.632150, 10
1697539937.648892, 9
1697539937.667402, 9
1697539937.686146, 9
1697539937.706955, 8
1697539937.723066, 5
1697539937.742289, 2
1697539937.760813, 2
1697539937.778241, 3
1697539937.797882, 3
1697539937.818011, 3
1697539937.834279, 3
1697539937.849980, 5
1697539937.865339, 3
1697539937.884138, 4
1697539937.904941, 5
1697539937.923517, 5
1697539937.939563, 5
1697539937.955137, 5
1697539937.972098, 6
1697539937.989733, 6
1697539938.011216, 7
1697539938.030417, 7
1697539938.049886, 7
1697539938.067619, 7
1697539938.084579, 7
1697539938.100964, 8
1697539938.120231, 8
1697539938.139648, 8
1697539938.159830, 9
1697539938.176744, 8
1697539938.197030, 9
1697539938.216643, 10
1697539938.235151, 8
1697539938.255615, 9
1697539938.274466, 9
1697539938.292757, 3
1697539938.311400, 1
1697539938.332475, 3
1697539938.351013, 2
1697539938.371298, 4
1697539938.390822, 3
1697539938.408904, 3
1697539938.425822, 5
1697539938.444456, 4
1697539938.459077, 5
1697539938.478906, 5
1697539938.499581, 6
1697539938.518457, 6
1697539938.536458, 6
1697539938.556278, 7
1697539938.573485, 6
1697539938.590343, 6
1697539938.607739, 7
1697539938.624992, 7
1697539938.640770, 8
1697539938.660440, 8
1697539938.679026, 8
1697539938.698125, 8
1697539938.716875, 8
1697539938.735380, 8
1697539938.755514, 8
1697539938.773222, 8
1697539938.792026, 3
1697539938.812053, 1
1697539938.830776, 2
1697539938.850619, 3
1697539938.868487, 1
1697539938.885015, 3
1697539938.903036, 3
1697539938.923903, 3
1697539938.943459, 4
1697539938.960321, 4
1697539938.980249, 4
1697539938.998874, 5
1697539939.017768, 5
1697539939.038339, 5
1697539939.057411, 6
1697539939.077580, 6
1697539939.098682, 7
1697539939.118232, 8
1697539939.135473, 7
1697539939.154435, 8
1697539939.173223, 8
1697539939.193592, 8
1697539939.210582, 8
1697539939.227165, 10
1697539939.247957, 9
1697539939.264243, 10
1697539939.283231, 9
1697539939.300318, 8
1697539939.316389, 9
1697539939.334348, 9
1697539939.351472, 9
1697539939.367691, 9
1697539939.384210, 9
1697539939.405572, 3
1697539939.423555, 2
1697539939.440399, 2
1697539939.458629, 4
1697539939.474577, 3
1697539939.491645, 4
1697539939.510917, 4
1697539939.530112, 3
1697539939.548005, 4
1697539939.567686, 5
1697539939.584711, 4
1697539939.602509, 5
1697539939.621766, 6
1697539939.639207, 7
1697539939.658504, 7
1697539939.674816, 7
1697539939.694613, 6
1697539939.711051, 7
1697539939.729038, 7
1697539939.748957, 7
1697539939.766446, 9
1697539939.785040, 8
1697539939.803180, 7
1697539939.821126, 10
1697539939.843961, 9
1697539939.861556, 9
1697539939.882877, 9
1697539939.903452, 9
1697539939.920077, 8
1697539939.935526, 9
1697539939.955459, 6
1697539939.973047, 2
1697539939.989829, 3
1697539940.004427, 2
1697539940.019926, 2
1697539940.037253, 4
1697539940.057386, 3
1697539940.075751, 4
1697539940.093266, 5
1697539940.110548, 6
1697539940.130241, 5
1697539940.149170, 5
1697539940.166653, 5
1697539940.182174, 6
1697539940.197070, 4
1697539940.212791, 6
1697539940.228388, 6
1697539940.244570, 7
1697539940.258845, 7
1697539940.276529, 7
1697539940.291228, 8
1697539940.308269, 7
1697539940.326372, 8
1697539940.344262, 8
1697539940.362346, 8
1697539940.379156, 9
1697539940.395687, 8
1697539940.411145, 8
1697539940.426353, 9
1697539940.444583, 9
1697539940.462108, 8
1697539940.478939, 6
1697539940.496082, 4
1697539940.511652, 5
1697539940.529804, 2
1697539940.547042, 2
1697539940.563392, 3
1697539940.578747, 2
1697539940.595846, 3
1697539940.613362, 3
1697539940.630640, 4
1697539940.647001, 3
1697539940.663394, 4
1697539940.678664, 4
1697539940.694622, 4
1697539940.710545, 7
1697539940.727253, 6
1697539940.745121, 6
1697539940.761975, 5
1697539940.778799, 6
1697539940.795960, 5
1697539940.813432, 6
1697539940.830943, 7
1697539940.846964, 7
1697539940.864256, 7
1697539940.880061, 8
1697539940.896403, 8
1697539940.913681, 8
1697539940.931954, 8
1697539940.950443, 9
1697539940.969609, 8
1697539940.989957, 8
1697539941.009469, 8
1697539941.028748, 9
1697539941.049644, 9
1697539941.067670, 9
1697539941.082756, 9
1697539941.100349, 8
1697539941.119166, 3
1697539941.133486, 2
1697539941.148864, 3
1697539941.165110, 3
1697539941.185435, 2
1697539941.202454, 3
1697539941.220345, 4
1697539941.237401, 4
1697539941.253157, 5
1697539941.270005, 4
1697539941.285279, 5
1697539941.304154, 5
1697539941.321647, 5
1697539941.339647, 6
1697539941.358619, 6
1697539941.378097, 6
1697539941.398404, 7
1697539941.416583, 6
1697539941.436231, 7
1697539941.455494, 8
1697539941.473433, 8
1697539941.491394, 8
1697539941.509792, 8
1697539941.527731, 8
1697539941.548144, 10
1697539941.568107, 10
1697539941.586287, 9
1697539941.606500, 9
1697539941.624428, 9
1697539941.643920, 9
1697539941.662713, 9
1697539941.681268, 2
1697539941.699977, 3
1697539941.716150, 3
1697539941.732121, 2
1697539941.748640, 3
1697539941.767745, 3
1697539941.785491, 5
1697539941.799634, 3
1697539941.818892, 5
1697539941.835002, 5
1697539941.854953, 4
1697539941.873638, 5
1697539941.893751, 6
1697539941.912287, 6
1697539941.931108, 5
1697539941.949531, 6
1697539941.964193, 6
1697539941.983658, 8
1697539942.003757, 8
1697539942.018707, 6
1697539942.037143, 9
1697539942.057775, 8
1697539942.076363, 8
1697539942.094954, 9
1697539942.113317, 8
1697539942.132490, 9
1697539942.150841, 9
1697539942.168288, 9
1697539942.185706, 9
1697539942.203614, 9
1697539942.222472, 9
1697539942.241025, 9
1697539942.258411, 8
1697539942.276411, 1
1697539942.295902, 2
1697539942.313601, 4
1697539942.331660, 2
1697539942.351539, 4
1697539942.367504, 4
1697539942.382473, 4
1697539942.401685, 4
1697539942.419981, 4
1697539942.436774, 5
1697539942.454073, 5
1697539942.471391, 5
1697539942.488314, 6
1697539942.502490, 5
1697539942.517115, 5
1697539942.532946, 7
1697539942.552364, 8
1697539942.571014, 6
1697539942.586910, 7
1697539942.606094, 7
1697539942.623261, 8
1697539942.639584, 7
1697539942.654714, 8
1697539942.671197, 7
1697539942.686143, 9
1697539942.704117, 10
1697539942.721613, 9
1697539942.737739, 9
1697539942.754972, 9
1697539942.774497, 8
1697539942.794759, 8
1697539942.810469, 8
1697539942.829897, 5
1697539942.848209, 2
1697539942.866676, 3
1697539942.885623, 2
1697539942.906219, 2
1697539942.926549, 4
1697539942.942341, 4
1697539942.957901, 4
1697539942.974915, 4
1697539942.994396, 6
1697539943.011337, 4
1697539943.032004, 5
1697539943.049272, 7
1697539943.067904, 6
1697539943.086001, 7
1697539943.104011, 7
1697539943.121911, 7
1697539943.139735, 6
1697539943.156710, 7
1697539943.173611, 7
1697539943.190890, 7
1697539943.207877, 9
1697539943.226264, 8
1697539943.243518, 8
1697539943.260190, 9
1697539943.278101, 9
1697539943.294039, 9
1697539943.311827, 10
1697539943.329666, 9
1697539943.344262, 8
1697539943.361087, 9
1697539943.379952, 8
1697539943.399148, 4
1697539943.416821, 3
1697539943.435177, 3
1697539943.451169, 2
1697539943.469625, 2
1697539943.483384, 4
1697539943.503976, 3
1697539943.523990, 3
1697539943.540878, 3
1697539943.559870, 5
1697539943.577796, 4
1697539943.595445, 6
1697539943.611854, 5
1697539943.630350, 5
1697539943.648219, 6
1697539943.664757, 6
1697539943.683353, 7
1697539943.701834, 8
1697539943.717924, 7
1697539943.733998, 7
1697539943.751330, 9
1697539943.768148, 8
1697539943.787549, 8
1697539943.807072, 8
1697539943.827312, 9
1697539943.845425, 8
1697539943.863418, 9
1697539943.880107, 9
1697539943.897265, 10
1697539943.916638, 9
1697539943.936970, 9
1697539943.950736, 9
1697539943.969525, 9
1697539943.988532, 3
1697539944.005896, 2
1697539944.025485, 3
1697539944.042853, 3
1697539944.059740, 3
1697539944.077558, 3
1697539944.097442, 4
1697539944.118110, 4
1697539944.136267, 4
1697539944.152077, 6
1697539944.169257, 5
1697539944.188236, 5
1697539944.205438, 6
1697539944.223262, 6
1697539944.239975, 6
1697539944.258493, 7
1697539944.279122, 7
1697539944.297593, 7
1697539944.314858, 7
1697539944.335009, 8
1697539944.353520, 7
1697539944.371260, 8
1697539944.390928, 8
1697539944.407735, 9
1697539944.425915, 9
1697539944.446433, 8
1697539944.463470, 9
1697539944.483516, 9
1697539944.500582, 9
1697539944.515634, 9
1697539944.530223, 9
1697539944.547462, 3
1697539944.565628, 2
1697539944.583115, 3
1697539944.602757, 2
1697539944.620551, 3
1697539944.637806, 3
1697539944.654891, 4
1697539944.671370, 3
1697539944.687833, 4
1697539944.703139, 6
1697539944.721824, 5
1697539944.739161, 6
1697539944.753682, 5
1697539944.767998, 6
1697539944.782835, 6
1697539944.798106, 6
1697539944.815450, 6
1697539944.831022, 7
1697539944.847651, 6
1697539944.864319, 8
1697539944.880152, 7
1697539944.897160, 7
1697539944.914680, 9
1697539944.931594, 8
1697539944.947358, 8
1697539944.962154, 9
1697539944.979984, 9
1697539944.996715, 9
1697539945.012106, 9
1697539945.030592, 9
1697539945.046557, 9
1697539945.064216, 9
1697539945.078531, 9
1697539945.095757, 8
1697539945.113398, 2
1697539945.131136, 2
1697539945.148046, 3
1697539945.165430, 1
1697539945.183483, 2
1697539945.199574, 3
1697539945.215698, 4
1697539945.232937, 3
1697539945.250600, 4
1697539945.266946, 5
1697539945.281236, 4
1697539945.296728, 5
1697539945.311194, 5
1697539945.327024, 5
1697539945.345837, 6
1697539945.362857, 7
1697539945.380110, 7
1697539945.397031, 7
1697539945.415154, 8
1697539945.429490, 6
1697539945.447784, 7
1697539945.463279, 8
1697539945.479966, 8
1697539945.493706, 7
1697539945.507361, 8
1697539945.522043, 9
1697539945.538549, 9
1697539945.552917, 8
1697539945.569557, 9
1697539945.585436, 8
1697539945.602088, 9
1697539945.618679, 9
1697539945.634703, 10
1697539945.651747, 9
1697539945.667726, 9
1697539945.685825, 6
1697539945.703790, 3
1697539945.721929, 3
1697539945.737972, 1
1697539945.753683, 4
1697539945.771174, 2
1697539945.788362, 4
1697539945.804543, 4
1697539945.821573, 4
1697539945.838748, 4
1697539945.857984, 6
1697539945.874882, 4
1697539945.891163, 5
1697539945.911579, 6
1697539945.926851, 5
1697539945.941267, 6
1697539945.955556, 6
1697539945.971025, 7
1697539945.985710, 7
1697539946.002238, 8
1697539946.017464, 7
1697539946.033135, 8
1697539946.049309, 7
1697539946.067759, 8
1697539946.082795, 8
1697539946.098083, 8
1697539946.112778, 8
1697539946.129618, 9
1697539946.144616, 9
1697539946.162803, 9
1697539946.178962, 9
1697539946.198087, 9
1697539946.212659, 8
1697539946.228853, 9
1697539946.244896, 9
1697539946.260552, 3
1697539946.277250, 1
1697539946.293067, 3
1697539946.309220, 2
1697539946.325452, 3
1697539946.342335, 3
1697539946.358513, 4
1697539946.374009, 4
1697539946.389047, 4
1697539946.405422, 5
1697539946.424183, 5
1697539946.443255, 6
1697539946.457511, 5
1697539946.476619, 5
1697539946.494846, 6
1697539946.512356, 6
1697539946.529663, 7
1697539946.547529, 6
1697539946.566829, 7
1697539946.586755, 7
1697539946.606317, 8
1697539946.624459, 9
1697539946.638447, 8
1697539946.658432, 8
1697539946.675607, 9
1697539946.692764, 8
1697539946.709024, 9
1697539946.724413, 9
1697539946.743698, 9
1697539946.764098, 8
1697539946.781540, 9
1697539946.801304, 8
1697539946.819928, 1
1697539946.835388, 2
1697539946.853884, 4
1697539946.874636, 2
1697539946.893477, 4
1697539946.912524, 3
1697539946.929600, 3
1697539946.948323, 4
1697539946.965981, 3
1697539946.986661, 4
1697539947.006290, 5
1697539947.024200, 4
1697539947.040914, 6
1697539947.057859, 7
1697539947.075700, 6
1697539947.093406, 6
1697539947.108206, 6
1697539947.125865, 8
1697539947.144229, 7
1697539947.162000, 8
1697539947.184144, 8
1697539947.202935, 8
1697539947.223056, 8
1697539947.239675, 9
1697539947.256201, 8
1697539947.272170, 10
1697539947.290695, 9
1697539947.310661, 9
1697539947.329283, 10
1697539947.347578, 9
1697539947.363723, 9
1697539947.380510, 9
1697539947.397724, 7
1697539947.416413, 4
1697539947.432395, 1
1697539947.448211, 3
1697539947.465422, 3
1697539947.482792, 3
1697539947.499347, 2
1697539947.516450, 4
1697539947.533573, 4
1697539947.550683, 5
1697539947.565540, 5
1697539947.583246, 4
1697539947.602647, 5
1697539947.624121, 7
1697539947.638960, 5
1697539947.659294, 5
1697539947.678025, 7
1697539947.699746, 6
1697539947.720452, 8
1697539947.741958, 6
1697539947.759681, 6
1697539947.780402, 8
1697539947.801190, 8
1697539947.816080, 8
1697539947.836095, 9
1697539947.853372, 9
1697539947.872672, 9
1697539947.891509, 9
1697539947.911161, 9
1697539947.927726, 9
1697539947.944693, 10
1697539947.960108, 8
1697539947.977098, 4
1697539947.992828, 3
1697539948.011068, 3
1697539948.027979, 3
1697539948.048342, 2
1697539948.067677, 3
1697539948.086187, 4
1697539948.104901, 5
1697539948.123256, 4
1697539948.140152, 5
1697539948.159238, 5
1697539948.175374, 5
1697539948.193228, 6
1697539948.213556, 5
1697539948.231214, 6
1697539948.248766, 6
1697539948.265328, 6
1697539948.281338, 7
1697539948.300066, 6
1697539948.318250, 7
1697539948.333141, 8
1697539948.350388, 7
1697539948.369857, 8
1697539948.388651, 8
1697539948.408595, 8
1697539948.424548, 8
1697539948.443542, 10
1697539948.462691, 9
1697539948.482246, 9
1697539948.501110, 9
1697539948.518780, 9
1697539948.539757, 9
1697539948.560495, 5
1697539948.579386, 2
1697539948.596913, 3
1697539948.614688, 2
1697539948.634557, 2
1697539948.653380, 4
1697539948.671231, 3
1697539948.690455, 4
1697539948.710019, 4
1697539948.730910, 5
1697539948.747864, 5
1697539948.763077, 6
1697539948.778285, 5
1697539948.793463, 6
1697539948.808348, 6
1697539948.823628, 7
1697539948.839655, 7
1697539948.858631, 7
1697539948.874149, 7
1697539948.892262, 7
1697539948.909038, 7
1697539948.927791, 7
1697539948.945938, 8
1697539948.962586, 8
1697539948.982311, 8
1697539949.001169, 10
1697539949.018550, 9
1697539949.035707, 9
1697539949.057028, 9
1697539949.075315, 10
1697539949.091898, 8
1697539949.106617, 8
1697539949.121209, 4
1697539949.136669, 4
1697539949.151413, 2
1697539949.166756, 3
1697539949.183164, 2
1697539949.199213, 3
1697539949.218060, 3
1697539949.234382, 3
1697539949.251534, 3
1697539949.272072, 4
1697539949.291750, 4
1697539949.309351, 4
1697539949.331917, 5
1697539949.351830, 6
1697539949.367299, 5
1697539949.385216, 6
1697539949.399734, 6
1697539949.415699, 6
1697539949.432523, 6
1697539949.449491, 7
1697539949.469961, 6
1697539949.488920, 8
1697539949.509161, 8
1697539949.529675, 8
1697539949.547524, 8
1697539949.567606, 9
1697539949.590567, 9
1697539949.609975, 9
1697539949.631919, 8
1697539949.657953, 9
1697539949.682479, 8
1697539949.700350, 5
1697539949.717903, 2
1697539949.737639, 3
1697539949.754834, 2
1697539949.772205, 2
1697539949.788665, 4
1697539949.807209, 4
1697539949.827389, 3
1697539949.848753, 5
1697539949.869364, 4
1697539949.887489, 5
1697539949.906453, 5
1697539949.927811, 5
1697539949.947862, 6
1697539949.968183, 5
1697539949.987504, 6
1697539950.006771, 8
1697539950.031076, 8
1697539950.055929, 8
1697539950.077266, 8
1697539950.096385, 8
1697539950.115136, 10
1697539950.136097, 9
1697539950.157009, 10
1697539950.179977, 9
1697539950.198749, 9
1697539950.219056, 10
1697539950.238869, 8
1697539950.257820, 8
1697539950.278470, 7
1697539950.299362, 2
1697539950.319332, 2
1697539950.340564, 4
1697539950.362195, 2
1697539950.381871, 3
1697539950.402931, 3
1697539950.422223, 4
1697539950.442828, 4
1697539950.463667, 5
1697539950.479521, 5
1697539950.497733, 6
1697539950.518894, 6
1697539950.536020, 6
1697539950.552956, 6
1697539950.571742, 6
1697539950.590841, 6
1697539950.611402, 7
1697539950.631767, 7
1697539950.652571, 7
1697539950.671860, 9
1697539950.692009, 8
1697539950.714112, 9
1697539950.733829, 9
1697539950.753811, 10
1697539950.775906, 9
1697539950.794962, 9
1697539950.816259, 8
1697539950.836812, 9
1697539950.855751, 7
1697539950.875804, 4
1697539950.896572, 3
1697539950.917289, 1
1697539950.938486, 2
1697539950.960169, 3
1697539950.981138, 3
1697539951.001298, 5
1697539951.022555, 5
1697539951.043606, 5
1697539951.062587, 6
1697539951.082472, 6
1697539951.103417, 5
1697539951.122960, 6
1697539951.143009, 6
1697539951.162145, 6
1697539951.182493, 7
1697539951.200972, 6
1697539951.222457, 8
1697539951.244285, 9
1697539951.263950, 8
1697539951.283658, 9
1697539951.302216, 9
1697539951.320523, 9
1697539951.343080, 10
1697539951.361804, 9
1697539951.383232, 9
1697539951.405459, 9
1697539951.426513, 8
1697539951.446673, 3
1697539951.474494, 3
1697539951.495299, 3
1697539951.517556, 3
1697539951.537446, 3
1697539951.555900, 3
1697539951.580192, 3
1697539951.598240, 4
1697539951.618854, 6
1697539951.638849, 5
1697539951.658850, 5
1697539951.679656, 6
1697539951.701751, 6
1697539951.722565, 6
1697539951.743976, 7
1697539951.764036, 7
1697539951.783954, 7
1697539951.803034, 7
1697539951.824014, 8
1697539951.843846, 8
1697539951.864906, 7
1697539951.883875, 9
1697539951.903954, 9
1697539951.924924, 10
1697539951.946774, 9
1697539951.966313, 9
1697539951.986559, 8
1697539952.009926, 7
1697539952.030607, 2
1697539952.052376, 2
1697539952.074896, 2
1697539952.096215, 2
1697539952.118606, 4
1697539952.135367, 4
1697539952.157987, 4
1697539952.178725, 5
1697539952.199147, 4
1697539952.218084, 6
1697539952.239648, 6
1697539952.260014, 6
1697539952.282102, 6
1697539952.302193, 5
1697539952.321866, 6
1697539952.340294, 7
1697539952.358427, 7
1697539952.377831, 8
1697539952.396230, 8
1697539952.417828, 7
1697539952.436751, 9
1697539952.455457, 9
1697539952.476732, 8
1697539952.498667, 9
1697539952.518755, 9
1697539952.539948, 9
1697539952.560349, 9
1697539952.580049, 8
1697539952.599102, 2
1697539952.621439, 3
1697539952.641528, 2
1697539952.659512, 2
1697539952.683366, 4
1697539952.703213, 4
1697539952.723927, 4
1697539952.744072, 4
1697539952.764131, 5
1697539952.781017, 5
1697539952.800599, 6
1697539952.817835, 5
1697539952.835740, 5
1697539952.854394, 6
1697539952.873362, 6
1697539952.892407, 7
1697539952.915158, 7
1697539952.935361, 8
1697539952.955440, 9
1697539952.974360, 8
1697539952.993608, 8
1697539953.016330, 10
1697539953.036941, 9
1697539953.057327, 9
1697539953.079611, 8
1697539953.101100, 9
1697539953.121165, 8
1697539953.140260, 7
1697539953.160576, 2
1697539953.180980, 3
1697539953.201118, 1
1697539953.221682, 2
1697539953.242908, 3
1697539953.260864, 2
1697539953.280391, 3
1697539953.299361, 3
1697539953.315373, 4
1697539953.333423, 4
1697539953.350765, 5
1697539953.370471, 6
1697539953.388426, 5
1697539953.408437, 6
1697539953.424786, 7
1697539953.442764, 6
1697539953.460123, 7
1697539953.476573, 6
1697539953.495210, 8
1697539953.510602, 7
1697539953.530635, 8
1697539953.546573, 9
1697539953.567108, 8
1697539953.586116, 8
1697539953.602155, 8
1697539953.616223, 9
1697539953.633322, 7
1697539953.649601, 9
1697539953.667030, 9
1697539953.685845, 8
1697539953.702540, 8
1697539953.719936, 5
1697539953.738387, 4
1697539953.757056, 2
1697539953.775217, 1
1697539953.790498, 3
1697539953.806429, 2
1697539953.823478, 3
1697539953.841794, 3
1697539953.856062, 5
1697539953.876203, 3
1697539953.895302, 4
1697539953.912335, 5
1697539953.931790, 6
1697539953.951041, 5
1697539953.971600, 6
1697539953.991256, 6
1697539954.012167, 6
1697539954.032430, 7
1697539954.051580, 6
1697539954.071771, 8
1697539954.086248, 6
1697539954.104406, 7
1697539954.120169, 9
1697539954.140028, 8
1697539954.154762, 8
1697539954.174809, 10
1697539954.190262, 9
1697539954.205264, 10
1697539954.222489, 10
1697539954.242010, 9
1697539954.259448, 8
1697539954.278902, 6
1697539954.297410, 3
1697539954.313967, 3
1697539954.334118, 2
1697539954.351170, 4
1697539954.370392, 3
1697539954.387962, 2
1697539954.402808, 4
1697539954.419976, 4
1697539954.437433, 3
1697539954.454750, 4
1697539954.473453, 5
1697539954.492052, 5
1697539954.508684, 5
1697539954.523230, 6
1697539954.540169, 5
1697539954.558864, 6
1697539954.574909, 6
1697539954.594105, 7
1697539954.612899, 8
1697539954.631459, 8
1697539954.647886, 6
1697539954.664341, 7
1697539954.680943, 8
1697539954.700572, 7
1697539954.719660, 8
1697539954.736922, 9
1697539954.751830, 9
1697539954.766667, 10
1697539954.784009, 9
1697539954.799576, 9
1697539954.815521, 9
1697539954.830032, 8
1697539954.847205, 4
1697539954.861702, 3
1697539954.877163, 3
1697539954.891534, 2
1697539954.911916, 1
1697539954.930693, 4
1697539954.947573, 4
1697539954.965293, 3
1697539954.979658, 4
1697539954.996865, 4
1697539955.015900, 6
1697539955.031018, 6
1697539955.045308, 6
1697539955.060170, 5
1697539955.078837, 5
1697539955.093953, 6
1697539955.111232, 5
1697539955.126673, 7
1697539955.142361, 6
1697539955.157698, 7
1697539955.175371, 6
1697539955.191031, 8
1697539955.207227, 7
1697539955.223152, 8
1697539955.239389, 8
1697539955.258204, 8
1697539955.274480, 8
1697539955.292092, 9
1697539955.309906, 9
1697539955.325908, 9
1697539955.342803, 8
1697539955.358830, 9
1697539955.374398, 8
1697539955.391970, 6
1697539955.408938, 3
1697539955.424648, 1
1697539955.442755, 2
1697539955.458556, 3
1697539955.474462, 3
1697539955.490537, 3
1697539955.506169, 4
1697539955.520456, 3
1697539955.536319, 4
1697539955.555471, 4
1697539955.573733, 4
1697539955.591547, 5
1697539955.609249, 6
1697539955.626540, 6
1697539955.642657, 6
1697539955.659842, 5
1697539955.676851, 6
1697539955.699010, 6
1697539955.717325, 6
1697539955.732722, 9
1697539955.750526, 7
1697539955.769878, 7
1697539955.788845, 8
1697539955.808540, 7
1697539955.826480, 8
1697539955.843815, 9
1697539955.863573, 9
1697539955.882228, 10
1697539955.901098, 8
1697539955.919837, 8
1697539955.935598, 9
1697539955.957271, 1
1697539955.976655, 3
1697539955.995070, 2
1697539956.011685, 3
1697539956.029801, 3
1697539956.050754, 3
1697539956.071007, 3
1697539956.090067, 4
1697539956.105681, 4
1697539956.126685, 4
1697539956.146371, 5
1697539956.164566, 6
1697539956.185501, 5
1697539956.202507, 6
1697539956.218456, 6
1697539956.236094, 6
1697539956.254207, 7
1697539956.274770, 6
1697539956.290565, 7
1697539956.308991, 8
1697539956.327269, 7
1697539956.346210, 8
1697539956.364758, 8
1697539956.382565, 8
1697539956.402180, 10
1697539956.420810, 9
1697539956.442756, 10
1697539956.462929, 9
1697539956.484038, 8
1697539956.502294, 8
1697539956.519975, 1
1697539956.537051, 2
1697539956.553285, 3
1697539956.572382, 3
1697539956.593360, 3
1697539956.610227, 2
1697539956.628877, 4
1697539956.646347, 4
1697539956.664155, 5
1697539956.685781, 4
1697539956.707490, 5
1697539956.728068, 5
1697539956.748269, 5
1697539956.767896, 6
1697539956.789022, 6
1697539956.808765, 7
1697539956.828815, 6
1697539956.848790, 8
1697539956.869139, 8
1697539956.887725, 8
1697539956.903046, 8
1697539956.919279, 8
1697539956.934602, 8
1697539956.953392, 8
1697539956.970062, 10
1697539956.989026, 10
1697539957.010552, 10
1697539957.024858, 9
1697539957.042403, 9
1697539957.059874, 9
1697539957.073665, 5
1697539957.088047, 2
1697539957.102305, 1
1697539957.118681, 3
1697539957.134861, 4
1697539957.150170, 3
1697539957.165988, 4
1697539957.182001, 4
1697539957.197688, 3
1697539957.211688, 4
1697539957.225879, 3
1697539957.239975, 4
1697539957.255260, 6
1697539957.270561, 5
1697539957.286287, 6
1697539957.302003, 5
1697539957.316961, 6
1697539957.333779, 5
1697539957.348680, 6
1697539957.365974, 6
1697539957.383372, 7
1697539957.399241, 7
1697539957.414477, 8
1697539957.430812, 7
1697539957.447564, 8
1697539957.461919, 9
1697539957.476009, 8
1697539957.491769, 8
1697539957.505621, 9
1697539957.520811, 9
1697539957.535750, 9
1697539957.553487, 9
1697539957.569703, 9
1697539957.586892, 9
1697539957.604731, 8
1697539957.619649, 8
1697539957.635567, 3
1697539957.652171, 2
1697539957.669860, 3
1697539957.687806, 3
1697539957.705011, 3
1697539957.723685, 2
1697539957.743471, 4
1697539957.763507, 4
1697539957.784464, 4
1697539957.801066, 5
1697539957.821172, 5
1697539957.837879, 6
1697539957.854754, 5
1697539957.870601, 6
1697539957.888061, 5
1697539957.907732, 6
1697539957.925146, 7
1697539957.942060, 6
1697539957.957526, 7
1697539957.972178, 8
1697539957.987650, 6
1697539958.002171, 7
1697539958.018096, 8
1697539958.032899, 9
1697539958.049670, 8
1697539958.065152, 8
1697539958.081117, 9
1697539958.096091, 9
1697539958.111580, 9
1697539958.129080, 9
1697539958.147709, 9
1697539958.163848, 9
1697539958.185280, 1
1697539958.199611, 2
1697539958.217555, 3
1697539958.237179, 2
1697539958.254193, 2
1697539958.268588, 2
1697539958.283595, 3
1697539958.300806, 3
1697539958.317524, 3
1697539958.335425, 4
1697539958.353374, 4
1697539958.371316, 5
1697539958.388451, 6
1697539958.411556, 9
1697539958.431365, 6
1697539958.451565, 6
1697539958.467808, 6
1697539958.483920, 7
1697539958.502378, 6
1697539958.520318, 9
1697539958.538858, 7
1697539958.555762, 8
1697539958.570086, 7
1697539958.586303, 8
1697539958.605389, 8
1697539958.620350, 8
1697539958.635721, 10
1697539958.651065, 9
1697539958.667362, 8
1697539958.684029, 8
1697539958.698185, 7
1697539958.711657, 6
1697539958.727182, 2
1697539958.742052, 1
1697539958.756190, 3
1697539958.771547, 1
1697539958.786257, 3
1697539958.802425, 2
1697539958.820468, 3
1697539958.835334, 3
1697539958.852141, 3
1697539958.868091, 4
1697539958.884007, 4
1697539958.898936, 5
1697539958.913896, 5
1697539958.928011, 5
1697539958.943740, 5
1697539958.958415, 5
1697539958.974166, 6
1697539958.990547, 6
1697539959.008061, 7
1697539959.024578, 7
1697539959.040068, 6
1697539959.056130, 7
1697539959.071573, 7
1697539959.086414, 9
1697539959.106180, 9
1697539959.120119, 8
1697539959.136210, 8
1697539959.152504, 9
1697539959.168262, 8
1697539959.182355, 9
1697539959.197698, 9
1697539959.211855, 8
1697539959.227793, 8
1697539959.244099, 8
1697539959.258189, 4
1697539959.274570, 3
1697539959.288928, 2
1697539959.303752, 1
1697539959.321418, 4
1697539959.336426, 4
1697539959.355139, 2
1697539959.369430, 3
1697539959.383384, 4
1697539959.402319, 4
1697539959.421729, 4
1697539959.436173, 3
1697539959.450464, 5
1697539959.469553, 7
1697539959.488816, 4
1697539959.506883, 6
1697539959.525535, 6
1697539959.543210, 6
1697539959.560603, 6
1697539959.578454, 8
1697539959.597046, 8
1697539959.616679, 8
1697539959.636817, 8
1697539959.657463, 7
1697539959.674940, 9
1697539959.692294, 10
1697539959.709100, 8
1697539959.725946, 8
1697539959.745075, 9
1697539959.762289, 9
1697539959.776654, 9
1697539959.793234, 8
1697539959.807176, 7
1697539959.821920, 2
1697539959.836510, 3
1697539959.851025, 3
1697539959.867001, 2
1697539959.882224, 3
1697539959.899272, 2
1697539959.913718, 2
1697539959.930571, 3
1697539959.945458, 4
1697539959.961514, 3
1697539959.978578, 5
1697539959.996230, 5
1697539960.010746, 4
1697539960.029017, 5
1697539960.046454, 5
1697539960.062658, 5
1697539960.077821, 5
1697539960.094307, 6
1697539960.110557, 6
1697539960.124716, 6
1697539960.138742, 7
1697539960.155687, 8
1697539960.172037, 7
1697539960.186829, 9
1697539960.201822, 8
1697539960.217619, 8
1697539960.233253, 8
1697539960.247193, 8
1697539960.262976, 9
1697539960.278661, 9
1697539960.295489, 9
1697539960.310050, 9
1697539960.326909, 10
1697539960.342252, 9
1697539960.357279, 9
1697539960.372208, 9
1697539960.388537, 10
1697539960.403962, 8
1697539960.421042, 1
1697539960.441530, 1
1697539960.461360, 3
1697539960.477664, 2
1697539960.493374, 3
1697539960.508612, 4
1697539960.523283, 4
1697539960.538011, 4
1697539960.553906, 4
1697539960.569540, 4
1697539960.584242, 5
1697539960.599569, 5
1697539960.614534, 5
1697539960.629608, 6
1697539960.645297, 6
1697539960.659837, 7
1697539960.677555, 7
1697539960.694603, 7
1697539960.709742, 7
1697539960.726667, 8
1697539960.744354, 7
1697539960.758801, 8
1697539960.779056, 7
1697539960.797762, 8
1697539960.815771, 7
1697539960.835151, 8
1697539960.850195, 9
1697539960.867019, 9
1697539960.882576, 9
1697539960.898279, 10
1697539960.915298, 9
1697539960.933038, 9
1697539960.949831, 9
1697539960.964751, 8
1697539960.979582, 4
1697539960.998564, 2
1697539961.014168, 2
1697539961.029164, 2
1697539961.045425, 3
1697539961.063047, 3
1697539961.079126, 3
1697539961.098556, 4
1697539961.116946, 5
1697539961.134529, 5
1697539961.151259, 4
1697539961.170115, 5
1697539961.187167, 6
1697539961.203364, 5
1697539961.219447, 6
1697539961.235485, 6
1697539961.250989, 6
1697539961.266369, 7
1697539961.284363, 6
1697539961.300991, 7
1697539961.315459, 7
1697539961.334898, 7
1697539961.351543, 9
1697539961.368804, 7
1697539961.384007, 9
1697539961.401485, 9
1697539961.417263, 9
1697539961.435068, 10
1697539961.450876, 9
1697539961.466815, 8
1697539961.484076, 8
1697539961.501565, 9
1697539961.519679, 3
1697539961.535669, 2
1697539961.555448, 2
1697539961.574443, 4
1697539961.592397, 2
1697539961.606278, 2
1697539961.621807, 4
1697539961.638087, 5
1697539961.658007, 4
1697539961.676037, 5
1697539961.696033, 6
1697539961.715874, 4
1697539961.734838, 5
1697539961.752825, 7
1697539961.769587, 6
1697539961.787638, 6
1697539961.803470, 7
1697539961.821823, 6
1697539961.840002, 6
1697539961.857174, 7
1697539961.876990, 8
1697539961.897097, 8
1697539961.914621, 9
1697539961.930663, 8
1697539961.946254, 8
1697539961.964620, 9
1697539961.981140, 9
1697539962.001416, 9
1697539962.016613, 9
1697539962.032612, 9
1697539962.048789, 8
1697539962.067897, 9
1697539962.086672, 8
1697539962.103513, 2
1697539962.119036, 2
1697539962.135431, 4
1697539962.150758, 3
1697539962.169131, 2
1697539962.185471, 4
1697539962.202630, 4
1697539962.219565, 3
1697539962.237194, 5
1697539962.253695, 5
1697539962.269251, 5
1697539962.284711, 5
1697539962.301191, 6
1697539962.315932, 6
1697539962.332516, 5
1697539962.348508, 6
1697539962.366019, 6
1697539962.383108, 7
1697539962.399908, 7
1697539962.415794, 7
1697539962.433069, 7
1697539962.450794, 8
1697539962.466536, 8
1697539962.483861, 8
1697539962.500993, 8
1697539962.518725, 9
1697539962.539402, 9
1697539962.557201, 9
1697539962.574421, 9
1697539962.591538, 10
1697539962.607322, 9
1697539962.623072, 9
1697539962.639182, 10
1697539962.655647, 9
1697539962.670946, 8
1697539962.687889, 3
1697539962.705239, 2
1697539962.719123, 3
1697539962.738468, 3
1697539962.755845, 3
1697539962.770749, 3
1697539962.787530, 5
1697539962.806319, 4
1697539962.824048, 4
1697539962.842443, 5
1697539962.856547, 5
1697539962.874814, 5
1697539962.892806, 6
1697539962.909507, 6
1697539962.927426, 6
1697539962.944448, 6
1697539962.962452, 6
1697539962.981519, 7
1697539962.997174, 7
1697539963.013578, 8
1697539963.034093, 7
1697539963.054611, 8
1697539963.071790, 7
1697539963.090560, 9
1697539963.108068, 9
1697539963.127503, 9
1697539963.143748, 9
1697539963.159667, 10
1697539963.177755, 9
1697539963.193633, 9
1697539963.209260, 9
1697539963.227651, 7
1697539963.248317, 3
1697539963.264278, 2
1697539963.283176, 3
1697539963.301238, 4
1697539963.319785, 4
1697539963.336743, 3
1697539963.357609, 3
1697539963.378251, 5
1697539963.396864, 6
1697539963.414017, 5
1697539963.430104, 5
1697539963.448976, 6
1697539963.468845, 5
1697539963.487615, 6
1697539963.504503, 7
1697539963.519868, 7
1697539963.534632, 7
1697539963.549240, 7
1697539963.563182, 7
1697539963.578130, 6
1697539963.593569, 8
1697539963.611765, 8
1697539963.628442, 8
1697539963.643555, 8
1697539963.662211, 9
1697539963.677474, 9
1697539963.693272, 10
1697539963.710141, 10
1697539963.730326, 9
1697539963.749356, 8
1697539963.767921, 10
1697539963.785929, 8
1697539963.806158, 4
1697539963.824744, 2
1697539963.841386, 3
1697539963.859124, 2
1697539963.874103, 2
1697539963.889044, 4
1697539963.903700, 3
1697539963.918304, 4
1697539963.934751, 4
1697539963.950111, 4
1697539963.965090, 5
1697539963.984190, 5
1697539964.001781, 6
1697539964.017866, 6
1697539964.034859, 5
1697539964.050101, 7
1697539964.068470, 6
1697539964.083103, 6
1697539964.102016, 8
1697539964.117631, 7
1697539964.133696, 7
1697539964.149278, 8
1697539964.164615, 9
1697539964.182525, 8
1697539964.197803, 8
1697539964.212480, 9
1697539964.230271, 9
1697539964.247838, 10
1697539964.264534, 9
1697539964.282742, 8
1697539964.300096, 9
1697539964.319680, 9
1697539964.340028, 7
1697539964.359381, 4
1697539964.374857, 3
1697539964.393929, 3
1697539964.411821, 2
1697539964.429321, 2
1697539964.449029, 4
1697539964.468715, 3
1697539964.484344, 4
1697539964.501125, 4
1697539964.519705, 5
1697539964.538910, 4
1697539964.556538, 6
1697539964.575638, 6
1697539964.593607, 6
1697539964.611994, 6
1697539964.628292, 5
1697539964.645417, 7
1697539964.663269, 7
1697539964.682877, 6
1697539964.700934, 8
1697539964.718301, 8
1697539964.737561, 8
1697539964.755669, 8
1697539964.770876, 8
1697539964.788561, 9
1697539964.806520, 7
1697539964.826563, 9
1697539964.845535, 9
1697539964.865464, 9
1697539964.883326, 9
1697539964.901367, 8
1697539964.917972, 9
1697539964.935417, 6
1697539964.955379, 3
1697539964.975056, 2
1697539964.993196, 2
1697539965.011939, 2
1697539965.030625, 3
1697539965.048151, 3
1697539965.062813, 5
1697539965.077168, 5
1697539965.091387, 4
1697539965.105848, 4
1697539965.121870, 5
1697539965.136169, 4
1697539965.152276, 5
1697539965.170255, 7
1697539965.187041, 6
1697539965.202353, 6
1697539965.217875, 7
1697539965.232570, 6
1697539965.246935, 6
1697539965.263726, 7
1697539965.283854, 8
1697539965.299352, 8
1697539965.313265, 7
1697539965.330098, 8
1697539965.348216, 7
1697539965.367105, 10
1697539965.386948, 9
1697539965.404142, 9
1697539965.418568, 9
1697539965.434772, 10
1697539965.453259, 8
1697539965.468397, 8
1697539965.485394, 7
1697539965.504872, 3
1697539965.523357, 5
1697539965.538963, 2
1697539965.555598, 2
1697539965.571486, 2
1697539965.586543, 3
1697539965.604164, 4
1697539965.621254, 4
1697539965.636713, 4
1697539965.653922, 4
1697539965.669183, 6
1697539965.686233, 4
1697539965.703333, 5
1697539965.719251, 5
1697539965.735857, 5
1697539965.749871, 5
1697539965.765156, 6
1697539965.783101, 7
1697539965.800346, 6
1697539965.818318, 8
1697539965.837957, 7
1697539965.853502, 8
1697539965.870436, 7
1697539965.888327, 7
1697539965.904726, 8
1697539965.922707, 9
1697539965.940102, 9
1697539965.959119, 9
1697539965.977200, 9
1697539965.994882, 9
1697539966.015194, 8
1697539966.036058, 10
1697539966.053649, 8
1697539966.071563, 6
1697539966.088273, 2
1697539966.104794, 2
1697539966.119975, 2
1697539966.136239, 3
1697539966.154075, 3
1697539966.171046, 3
1697539966.188540, 3
1697539966.208657, 4
1697539966.227522, 5
1697539966.248023, 4
1697539966.265825, 5
1697539966.283531, 5
1697539966.303525, 5
1697539966.320297, 6
1697539966.338121, 5
1697539966.356272, 7
1697539966.373947, 8
1697539966.394463, 7
1697539966.414613, 7
1697539966.432244, 9
1697539966.448431, 7
1697539966.467021, 8
1697539966.482327, 9
1697539966.498619, 10
1697539966.515872, 9
1697539966.531203, 9
1697539966.546839, 9
1697539966.566121, 9
1697539966.586137, 10
1697539966.603822, 10
1697539966.618829, 9
1697539966.636371, 9
1697539966.655443, 7
1697539966.671986, 3
1697539966.691301, 2
1697539966.710600, 2
1697539966.727723, 3
1697539966.743659, 3
1697539966.761047, 3
1697539966.775673, 5
1697539966.792232, 3
1697539966.811269, 4
1697539966.827759, 5
1697539966.845827, 4
1697539966.863763, 5
1697539966.883005, 6
1697539966.901494, 6
1697539966.916871, 6
1697539966.935047, 8
1697539966.952010, 7
1697539966.969662, 7
1697539966.988937, 7
1697539967.008092, 7
1697539967.027125, 7
1697539967.042620, 8
1697539967.057492, 8
1697539967.072449, 9
1697539967.087355, 10
1697539967.104075, 9
1697539967.120231, 8
1697539967.136027, 10
1697539967.150902, 10
1697539967.168697, 8
1697539967.187777, 9
1697539967.207826, 9
1697539967.225707, 5
1697539967.243196, 4
1697539967.261831, 2
1697539967.276218, 2
1697539967.293055, 2
1697539967.309157, 3
1697539967.326063, 3
1697539967.342069, 4
1697539967.357456, 3
1697539967.372609, 4
1697539967.387631, 6
1697539967.403248, 5
1697539967.419190, 6
1697539967.435689, 5
1697539967.454786, 5
1697539967.474972, 6
1697539967.494124, 6
1697539967.510681, 7
